ED SOUTH NONWH HISP FE MARR MARRFE EX EXSQ UNION LNWAGE AGE NDEP 
MANUF CONSTR MANAG SALES CLER SERV PROF
12 0 0 0 0 0 0  8   64 0  1.2150 25 0 0 0 0 0 0 1 0 
12 0 0 0 1 1 1 30  900 1  1.6094 47 0 0 0 0 0 1 0 0 
 6 0 0 1 0 1 0 38 1444 1  2.1401 49 1 0 1 0 0 0 0 0 
12 0 0 0 0 1 0 19  361 1  2.0732 36 2 0 0 0 1 0 0 0 
12 0 0 0 0 1 0 11  121 0  1.6490 28 1 0 0 0 0 0 0 0 
 8 0 0 0 0 1 0 43 1849 0  1.7148 56 0 0 0 0 0 0 0 0 
11 0 0 0 0 0 0  2    4 0  1.0986 18 1 1 0 0 0 0 0 0 
15 0 0 0 1 0 0  9   81 0  1.8326 29 0 0 0 1 0 0 0 0 
16 0 0 0 1 0 0 17  289 0  0.3567 38 1 0 0 0 0 0 0 1 
15 0 0 0 0 1 0 23  529 1  2.1547 43 3 0 0 0 0 1 0 0 
15 0 0 0 0 1 0 39 1521 1  1.9867 59 0 1 0 0 0 0 0 1 
12 0 0 1 1 1 1  5   25 1  1.7047 22 0 0 0 0 0 1 0 0 
11 0 0 1 0 1 0 27  729 1  2.1102 43 2 1 0 0 0 0 0 0 
12 0 0 1 0 1 0 29  841 0  1.8326 46 1 1 0 0 0 0 0 0 
12 0 0 1 0 0 0  7   49 0  1.3083 24 0 1 0 0 0 0 0 0 
12 0 0 0 1 0 0 42 1764 1  2.2300 59 0 0 0 0 0 0 1 0 
18 0 0 0 0 1 0 35 1225 1  2.5257 58 0 0 0 0 0 0 0 1 
18 0 0 0 1 1 1 31  961 1  2.3979 54 0 0 0 0 0 0 0 1 
 6 0 0 1 0 1 0 24  576 0  1.2528 35 2 1 0 0 0 0 0 0 
14 0 1 0 0 1 0 14  196 1  2.0794 33 2 0 0 0 0 0 0 0 
12 0 0 0 1 0 0 40 1600 1  2.0149 57 0 0 0 0 0 0 0 1 
12 0 0 0 1 0 0 10  100 0  1.2040 27 0 0 0 1 0 0 0 0 
13 0 0 0 1 0 0  3    9 0  1.3863 21 0 0 0 0 1 0 0 0 
13 0 0 0 0 0 0  2    4 0  1.2311 20 0 0 0 0 0 1 0 0 
15 0 0 1 0 0 0  7   49 0  1.5041 27 0 0 0 0 0 1 0 0 
16 0 0 0 0 0 0 29  841 0  2.5997 50 0 0 0 0 1 0 0 0 
13 0 0 0 0 1 0 27  729 1  2.2380 45 2 0 0 0 0 0 1 0 
18 0 0 0 0 0 0  8   64 0  2.3539 31 0 1 0 0 0 0 0 1 
10 0 0 0 0 1 0  6   36 1  2.5257 21 2 0 1 0 0 0 0 0 
14 0 0 0 1 0 0  2    4 0  0.9361 21 0 0 0 0 0 0 0 1 
 8 0 0 0 0 0 0 36 1296 1  2.0149 49 0 0 0 0 0 0 0 0 
15 0 0 0 1 1 1 23  529 1  1.1314 43 2 0 0 0 0 0 1 0 
 8 0 0 1 1 1 1 48 2304 1  1.6582 61 0 1 0 0 0 0 1 0 
12 0 0 0 0 0 0 21  441 1  2.0677 38 0 0 0 0 0 1 0 0 
 8 0 0 1 0 1 0 11  121 1  2.0820 24 0 0 1 0 0 0 0 0 
12 0 0 0 1 1 1 26  676 1  2.1547 43 2 0 0 0 0 1 0 0 
16 0 0 0 1 1 1 10  100 0  1.9671 31 0 0 0 0 0 0 0 1 
14 0 0 0 0 1 0 37 1369 0  2.7593 56 0 1 0 0 1 0 0 0 
13 0 0 0 0 1 0 21  441 0  1.2972 39 0 0 0 0 0 1 0 0 
16 0 0 1 1 1 1 21  441 0  1.2528 42 0 0 0 0 0 1 0 0 
13 0 0 0 0 0 0  6   36 1  2.3749 24 0 0 1 0 0 0 0 0 
12 0 0 0 0 1 0 25  625 1  1.6368 42 0 0 0 0 0 0 0 1 
13 0 0 0 0 0 0  5   25 0  1.2321 23 0 1 0 0 0 0 0 0 
11 0 0 0 0 0 0 13  169 1  1.7492 29 0 0 0 0 0 0 0 0 
16 0 0 0 0 0 0 15  225 0  2.3026 36 0 0 0 0 0 0 0 1 
12 0 0 0 1 1 1  8   64 0  1.5581 25 0 0 0 0 0 1 0 0 
10 0 0 1 0 1 0  8   64 1  1.6094 23 1 1 0 0 0 0 1 0 
14 0 0 0 0 1 0 11  121 0  1.5581 30 1 0 0 0 0 0 0 0 
12 0 1 0 0 1 0 34 1156 1  2.0541 51 0 0 0 0 0 0 0 0 
13 0 0 1 0 0 0  8   64 0  1.8326 26 0 0 0 0 0 1 0 0 
12 0 0 0 0 1 0 36 1296 0  1.9459 53 0 0 0 0 0 0 0 0 
12 0 0 0 1 1 1 30  900 0  1.8326 47 0 0 0 0 0 1 0 0 
16 0 0 0 1 1 1  5   25 1  1.1856 26 0 0 0 0 0 0 0 1 
11 0 0 0 1 1 1 13  169 0  0.9118 29 3 1 0 0 0 0 0 0 
11 0 0 0 0 0 0  2    4 1  1.8718 18 0 0 1 0 0 0 0 0 
 9 0 0 0 0 1 0 12  144 1  1.9459 26 1 1 0 0 0 0 0 0 
18 0 0 0 0 1 0 24  576 0  2.1691 47 5 0 0 0 0 0 0 1 
12 0 1 0 0 1 0 17  289 1  2.0149 34 3 0 0 0 0 0 0 0 
 8 0 0 0 0 1 0 50 2500 0  1.6448 63 0 1 0 0 0 0 0 0 
18 0 0 0 0 1 0  8   64 0  2.1072 31 2 1 0 1 0 0 0 0 
12 0 0 0 1 0 0 11  121 1  1.6292 28 1 1 0 0 0 0 0 0 
12 0 0 0 0 1 0  7   49 0  1.0594 24 0 0 0 1 0 0 0 0 
17 0 0 0 1 1 1 26  676 1  2.1691 48 1 0 0 0 0 0 0 1 
 8 0 0 1 0 1 0 19  361 0  1.3218 32 0 0 0 0 0 0 0 0 
12 0 1 0 1 0 0 13  169 1  1.8555 30 2 0 0 0 0 1 0 0 
12 0 0 0 0 1 0  9   81 1  1.7492 26 2 0 0 0 0 0 0 0 
14 0 0 0 0 1 0 38 1444 0  1.9661 57 0 0 0 1 0 0 0 0 
12 0 0 1 0 0 0  4   16 0  1.1982 21 0 0 0 0 0 0 1 0 
14 0 0 0 1 0 0 11  121 0  1.9279 30 0 0 0 1 0 0 0 0 
10 0 0 0 0 1 0 43 1849 0  2.3026 58 0 0 0 1 0 0 0 0 
11 0 1 0 0 1 0 15  225 0  1.3863 31 2 1 0 0 0 0 0 0 
12 0 1 0 0 1 0 31  961 1 -0.4700 48 2 0 0 0 0 1 0 0 
 6 0 1 0 0 1 0 44 1936 1  1.3151 55 2 1 0 0 0 0 0 0 
16 0 0 0 0 1 0 16  256 0  2.8994 37 0 0 0 0 0 0 0 1 
12 0 0 0 0 1 0 25  625 1  1.9981 42 2 0 0 0 0 0 0 0 
14 0 0 0 0 1 0 19  361 1  1.7047 38 2 0 0 1 0 0 0 0 
12 0 0 0 1 0 0  3    9 0  1.1787 20 0 0 0 1 0 0 0 0 
13 0 0 0 1 0 0 14  196 0  1.6094 32 0 0 0 0 0 1 0 0 
12 0 0 0 0 1 0 30  900 0  2.0149 47 1 1 0 0 0 0 0 0 
12 0 0 0 0 1 0 32 1024 1  2.4849 49 2 0 0 0 0 0 1 0 
10 0 0 0 0 1 0 48 2304 1  2.0794 63 3 0 0 0 0 1 0 0 
12 0 0 0 0 0 0 36 1296 1  2.1401 53 1 0 0 0 0 0 0 0 
12 0 0 0 1 1 1  7   49 1  1.5828 24 0 0 0 0 0 1 0 0 
12 0 0 0 0 1 0 19  361 1  2.3346 36 3 0 0 0 0 0 0 0 
18 0 0 0 0 0 0 11  121 0  1.6503 34 0 0 0 0 0 0 0 1 
13 0 0 0 0 1 0 32 1024 1  1.5476 50 3 0 0 0 0 0 1 0 
12 0 0 0 1 1 1 10  100 0  1.7707 27 1 0 0 0 0 1 0 0 
14 0 0 0 1 0 0  3    9 0  1.6094 22 0 1 0 0 0 0 0 1 
16 0 0 0 1 1 1 10  100 0  1.2947 31 1 1 0 0 0 1 0 0 
16 0 0 0 1 1 1  9   81 0  2.0402 30 0 0 0 1 0 0 0 0 
12 0 0 0 1 1 1 13  169 1  1.3218 30 2 1 0 0 0 0 0 0 
12 0 0 0 0 1 0 20  400 0  1.8563 37 2 1 0 0 0 1 0 0 
12 0 0 0 0 1 0 30  900 1  2.1102 47 2 1 0 0 0 0 0 0 
12 0 0 0 0 1 0 10  100 1  2.3632 27 1 0 1 0 0 0 0 0 
18 0 0 0 1 0 0 17  289 0  0.6707 40 0 0 0 0 0 0 0 1 
10 0 0 0 0 1 0  7   49 1  1.5790 22 2 1 0 0 0 0 0 0 
 8 0 0 0 0 1 0 32 1024 0  2.1401 45 0 0 1 0 0 0 0 0 
 9 0 0 0 0 1 0 36 1296 1  1.6630 50 0 0 1 0 0 0 0 0 
14 0 0 0 0 1 0 43 1849 0  2.6127 62 0 1 0 1 0 0 0 0 
16 0 0 0 0 1 0  9   81 0  2.1691 30 3 0 0 0 1 0 0 0 
 8 0 0 0 0 1 0 41 1681 1  1.6094 54 0 0 0 0 0 0 0 0 
12 0 0 0 0 1 0 21  441 1  2.0794 38 5 0 0 0 0 0 1 0 
14 0 0 0 0 1 0 26  676 0  1.5141 45 1 0 0 0 0 0 0 0 
12 0 0 0 1 1 1 21  441 0  1.1907 38 1 0 0 0 0 1 0 0 
12 0 0 0 1 1 1 42 1764 0  1.7918 59 0 0 0 0 0 1 0 0 
12 0 0 0 0 1 0 41 1681 0  2.2300 58 0 0 0 0 0 0 0 1 
13 0 0 0 1 1 1 22  484 0  0.9746 40 2 0 0 0 0 0 0 0 
18 0 0 0 0 1 0 10  100 0  2.0412 33 1 0 0 1 0 0 0 0 
12 0 0 0 0 0 0  3    9 1  1.7918 20 0 1 0 0 0 0 0 0 
14 0 0 0 0 0 0 14  196 0  2.1628 33 0 0 0 0 0 1 0 0 
12 0 0 0 0 1 0 24  576 1  2.4849 41 2 0 1 0 0 0 0 0 
12 0 0 0 0 1 0 13  169 1  1.7918 30 1 1 0 0 0 0 0 0 
12 0 0 0 1 0 0 41 1681 1  1.6956 58 3 0 0 0 0 0 1 0 
14 0 0 0 0 1 0 16  256 0  2.5257 35 0 1 0 0 0 0 0 1 
12 1 0 0 0 0 0  3    9 0  0.9746 20 3 0 0 0 0 0 0 0 
16 1 0 0 0 1 0 27  729 0  2.1090 48 0 0 0 0 0 0 0 1 
 7 1 0 1 1 0 0 31  961 0  1.2947 43 1 0 0 0 0 0 1 0 
11 1 0 1 1 0 0  2    4 0  0.9746 18 0 1 0 0 0 0 0 0 
12 1 0 1 0 1 0 19  361 0  1.2238 36 2 0 0 0 1 0 0 0 
 1 1 0 1 0 1 0 47 2209 0  1.2040 53 0 0 0 0 0 0 0 0 
12 1 0 0 0 0 0  1    1 0  1.0473 18 1 0 0 0 0 0 0 0 
 9 1 0 0 0 1 0  5   25 0  1.8216 19 1 1 0 0 0 0 0 0 
12 1 1 0 1 0 0 38 1444 1  1.1394 55 0 0 0 0 0 0 0 0 
12 1 0 0 1 0 0  2    4 0  0.9163 19 0 0 1 0 0 0 0 0 
12 1 0 1 0 1 0 19  361 0  2.2083 36 5 0 1 0 0 0 0 0 
12 1 0 0 0 1 0 38 1444 1  2.1691 55 0 0 1 0 0 0 0 0 
12 1 0 1 0 1 0 22  484 0  1.7918 39 2 0 0 0 0 0 1 0 
12 1 0 0 0 1 0  6   36 0  1.3863 23 1 0 0 0 0 0 0 0 
13 1 0 1 1 1 1 15  225 0  1.8718 33 2 0 0 0 0 0 0 1 
12 1 0 0 0 1 0 27  729 0  1.2040 44 3 0 0 0 0 1 0 0 
12 1 0 0 1 0 0  1    1 0  1.2164 18 3 0 0 0 0 1 0 0 
17 1 0 0 1 1 1 12  144 0  1.9095 34 1 0 0 0 0 0 0 1 
16 1 0 0 0 1 0 31  961 0  1.7636 52 0 0 0 1 0 0 0 0 
10 1 0 0 0 1 0 18  324 0  1.2958 33 2 0 0 0 0 0 0 0 
 7 1 1 0 1 0 0 33 1089 0  1.3218 45 5 1 0 0 0 0 0 0 
 6 1 0 1 0 0 0 39 1521 0  1.5669 50 1 0 0 0 0 0 0 0 
16 1 0 0 0 0 0  4   16 0  1.6094 25 0 1 0 0 0 0 0 1 
14 1 0 0 1 0 0  4   16 0  1.4291 23 1 1 0 0 0 0 0 1 
14 1 0 0 1 0 0  2    4 0  1.6582 21 0 1 0 0 0 1 0 0 
17 1 0 0 0 0 0  4   16 0  1.9058 26 1 1 0 0 0 0 0 1 
13 1 0 0 1 0 0 21  441 1  2.0149 39 0 0 0 0 0 1 0 0 
 4 1 0 1 0 0 0 13  169 0  0.9555 22 0 0 0 0 0 0 1 0 
17 1 0 0 0 1 0 18  324 0  2.6455 40 6 1 0 0 0 0 0 1 
14 1 0 0 1 0 0  9   81 0  2.5269 28 1 0 0 1 0 0 0 0 
16 1 0 0 0 0 0  8   64 0  1.6094 29 0 1 0 0 0 0 0 1 
10 1 1 0 0 1 0 35 1225 0  1.3863 50 0 0 0 0 0 0 0 0 
 6 1 0 1 1 1 1 17  289 0  1.0647 28 2 1 0 0 0 0 0 0 
13 0 0 0 0 0 0  1    1 0  1.5261 19 0 0 0 0 0 0 0 0 
16 0 0 0 0 1 0  3    9 1  1.4469 24 2 0 1 0 0 0 0 1 
10 0 0 0 0 1 0 41 1681 1  1.8718 56 0 0 0 0 0 0 0 0 
12 0 0 0 1 1 1 41 1681 1  3.0564 58 0 0 0 0 0 1 0 0 
18 0 0 0 0 1 0 36 1296 0  1.8839 59 0 0 0 0 0 0 0 1 
10 0 1 0 1 1 1 16  256 1  1.2528 31 0 1 0 0 0 0 0 0 
12 0 1 0 1 0 0 36 1296 1  1.5892 53 0 1 0 0 0 0 0 0 
12 0 1 0 0 1 0 39 1521 0  1.8205 56 0 1 0 0 0 0 0 1 
13 0 0 0 0 1 0  2    4 0  1.7918 20 0 1 0 0 0 0 0 0 
15 0 0 0 0 1 0  8   64 0  1.8137 28 2 1 0 0 0 0 0 0 
12 0 0 0 0 1 0 35 1225 0  2.1972 52 0 0 0 0 0 1 0 0 
12 0 0 0 1 0 0 12  144 0  1.6607 29 0 0 0 0 0 1 0 0 
12 0 0 0 1 0 0 11  121 0  1.6094 28 0 0 0 1 0 0 0 0 
18 0 1 0 1 0 0 10  100 0  1.8839 33 0 0 0 0 0 1 0 0 
16 0 1 0 1 0 0  3    9 0  1.3218 24 0 0 0 0 0 1 0 0 
10 0 0 0 0 1 0 48 2304 1  1.2528 63 0 1 0 0 0 0 0 0 
15 0 0 0 0 0 0 20  400 1  2.4950 40 1 0 1 1 0 0 0 0 
 6 0 0 0 0 1 0 51 2601 1  1.8718 62 0 1 0 0 0 0 1 0 
12 0 0 0 1 1 1 12  144 0  1.2238 29 2 1 0 0 0 0 0 0 
10 0 0 0 0 1 0 26  676 0  1.7385 41 4 1 0 0 0 0 0 0 
 9 0 0 0 1 1 1 34 1156 1  2.0794 48 0 1 0 0 0 0 0 0 
13 0 0 0 1 1 1 35 1225 0  1.4453 53 0 0 0 0 1 0 0 0 
12 0 0 0 1 0 0 12  144 0  1.4469 29 1 1 0 0 0 0 0 0 
11 0 0 0 0 0 0  5   25 0  1.2879 21 0 0 0 0 1 0 0 0 
14 0 0 0 0 0 0  8   64 0  1.7492 27 0 1 0 0 0 0 0 1 
12 0 0 0 0 1 0 29  841 1  2.0477 46 0 1 0 0 0 0 0 1 
 7 0 0 0 0 1 0 38 1444 1  1.8326 50 1 1 0 0 0 0 0 0 
12 0 0 0 0 1 0 33 1089 0  1.3987 50 1 0 0 0 0 0 1 0 
 8 0 0 0 0 1 0 42 1764 0  1.8326 55 0 0 0 0 0 0 0 0 
16 0 0 0 0 0 0  1    1 0  1.9315 22 0 0 0 0 0 0 0 0 
13 0 1 0 0 0 0 17  289 1  1.9577 35 0 1 0 0 0 0 0 0 
16 0 0 0 1 1 1  5   25 0  1.8326 26 0 0 0 0 0 0 0 1 
12 0 0 0 1 0 0 13  169 0  1.2528 30 0 0 0 0 0 1 0 0 
12 0 0 0 1 1 1 23  529 0  1.2384 40 0 1 0 0 0 1 0 0 
16 0 0 0 1 1 1 12  144 1  0.6131 33 2 0 0 0 0 0 0 1 
12 0 1 0 0 1 0 20  400 1  2.0149 37 2 0 1 0 0 0 0 0 
13 0 0 0 0 1 0 33 1089 0  2.1691 51 1 0 0 1 0 0 0 0 
 9 0 0 0 0 1 0 22  484 0  1.4300 36 3 1 0 0 0 0 0 0 
10 0 0 0 1 0 0 27  729 1  1.6405 42 3 1 0 0 0 0 0 0 
14 0 0 0 0 1 0  9   81 1  1.9279 28 2 0 0 0 0 1 0 0 
16 0 0 0 0 0 0  5   25 0  1.9810 26 0 0 0 0 0 0 0 1 
12 0 0 0 0 1 0  8   64 0  1.5581 25 1 0 0 0 0 0 0 1 
12 0 0 0 0 1 0 32 1024 1  2.1691 49 1 0 1 0 0 0 0 0 
11 0 0 0 0 1 0 12  144 1  2.0149 28 1 1 0 0 0 0 0 0 
16 0 0 0 0 0 0  2    4 0  1.9772 23 0 0 0 0 1 0 0 0 
12 0 0 0 0 1 0 32 1024 1  1.9033 49 3 1 0 0 0 1 0 0 
12 0 0 0 0 1 0 32 1024 0  1.8326 49 1 0 0 0 0 0 0 0 
18 0 1 0 0 1 0 13  169 1  2.2571 36 1 0 0 1 0 0 0 0 
 8 0 0 0 0 1 0 34 1156 1  1.8563 47 1 0 0 0 0 0 0 0 
 9 0 0 0 1 0 0 16  256 0 -0.0780 30 2 0 0 0 0 0 1 0 
16 0 0 0 0 1 0  8   64 0  1.6740 29 1 1 0 0 0 0 0 1 
10 0 1 0 0 0 0 33 1089 0  1.6094 48 2 0 1 0 0 0 0 0 
12 0 0 0 0 1 0 24  576 1  2.0794 41 1 1 0 0 0 0 0 0 
 9 0 1 0 0 1 0 34 1156 1  1.8326 48 3 1 0 0 0 0 0 0 
18 0 0 0 0 1 0 30  900 0  2.9208 53 0 1 0 1 0 0 0 0 
12 0 0 0 0 0 0  4   16 1  1.1394 21 0 0 0 0 0 0 1 0 
16 0 1 0 1 1 1  5   25 0  1.8326 26 1 0 0 0 0 0 0 1 
12 0 0 0 1 1 1  5   25 0  1.5841 22 0 0 0 0 0 1 0 0 
10 0 0 0 0 1 0 44 1936 1  2.0820 59 0 1 0 0 0 0 0 0 
11 0 0 0 0 0 0  8   64 0  1.7047 24 0 1 0 0 0 0 0 0 
12 0 0 0 1 1 1 26  676 0  1.8245 43 0 0 0 0 0 1 0 0 
14 0 0 0 0 1 0 37 1369 0  1.9924 56 0 1 0 0 1 0 0 0 
12 0 1 0 1 0 0 20  400 0  1.0296 37 3 0 0 0 0 0 1 0 
16 0 1 0 0 1 0 16  256 1  2.2558 37 2 0 0 0 0 0 0 1 
12 0 0 0 0 1 0 14  196 0  2.3026 31 2 0 0 1 0 0 0 0 
10 0 0 0 1 0 0 15  225 1  1.6376 30 0 0 0 0 0 1 0 0 
12 0 0 0 0 0 0  3    9 1  1.5841 20 1 0 0 0 0 0 0 0 
16 0 0 0 0 1 0 11  121 0  2.1768 32 2 0 0 0 1 0 0 0 
 8 0 0 0 0 1 0 40 1600 1  1.8326 53 1 1 0 0 0 0 0 0 
12 0 0 0 1 0 0 21  441 0  2.4079 38 2 0 0 1 0 0 0 0 
13 0 0 0 0 1 0  3    9 0  1.9636 21 0 0 0 0 0 0 0 0 
12 0 0 0 1 0 0 17  289 0  1.9741 34 2 1 0 0 0 1 0 0 
12 0 0 0 0 0 0  6   36 0  1.4351 23 2 0 0 1 0 0 0 0 
11 1 1 0 0 1 0 28  784 1  2.0794 44 3 1 0 0 0 0 0 1 
12 1 0 0 1 1 1  6   36 0  1.2040 23 1 1 0 0 0 0 0 1 
14 1 0 0 1 0 0  4   16 0  1.2528 23 0 0 0 0 0 0 1 0 
12 1 0 0 0 1 0 41 1681 0  2.1691 58 1 0 1 1 0 0 0 0 
12 1 0 0 0 0 0 16  256 1  2.0149 33 0 1 0 0 0 0 0 0 
12 1 0 0 1 1 1  6   36 0  0.4520 23 1 0 0 0 0 0 1 0 
12 1 0 0 0 1 0 39 1521 1  2.0794 56 0 0 0 0 0 0 0 0 
10 1 0 0 0 1 0 15  225 0  1.6928 30 1 0 1 0 0 0 0 0 
12 1 0 0 1 1 1 18  324 0  1.4325 35 1 0 0 0 0 1 0 0 
15 1 0 0 0 1 0  7   49 0  1.4929 27 0 0 0 1 0 0 0 0 
16 1 0 0 0 1 0 36 1296 0  1.1394 57 0 0 0 0 1 0 0 0 
14 1 0 1 1 1 1  6   36 0  1.7237 25 0 0 0 0 0 0 0 1 
12 1 1 0 1 0 0 13  169 0  1.5261 30 5 0 0 1 0 0 0 0 
13 1 0 0 0 0 0  2    4 0  1.0986 20 1 0 0 0 0 1 0 0 
 5 1 0 1 0 1 0 50 2500 0  1.1575 60 0 0 0 0 0 0 1 0 
12 1 0 1 1 1 1 21  441 0  1.5581 38 0 1 0 0 0 1 0 0 
12 1 0 1 0 1 0 28  784 0  1.2936 45 2 0 0 0 1 0 0 0 
12 1 0 0 0 1 0 12  144 1  1.4759 29 0 0 0 0 0 0 1 0 
15 1 1 0 1 1 1 29  841 0  1.2809 49 1 0 0 0 0 1 0 0 
12 1 0 0 0 1 0  7   49 0  1.3863 24 1 0 1 0 0 0 0 0 
12 1 0 0 0 1 0 22  484 0  2.1203 39 2 1 0 1 0 0 0 0 
12 1 1 0 1 0 0 11  121 0  1.3481 28 3 0 0 0 0 0 1 0 
12 0 0 0 1 0 0 40 1600 0  1.5217 57 0 1 0 0 0 0 0 0 
12 0 0 0 0 1 0 31  961 0  1.5315 48 4 0 1 0 0 0 0 0 
12 0 0 0 1 1 1 10  100 0  1.4214 27 0 0 0 0 0 0 1 0 
16 0 0 0 0 1 0  9   81 0  1.9810 30 2 0 0 1 0 0 0 0 
12 0 1 0 1 1 1 10  100 1  1.4469 27 4 0 0 0 0 0 1 0 
15 0 0 0 0 1 0 42 1764 0  3.1322 62 0 0 0 1 0 0 0 0 
12 0 0 0 1 1 1 45 2025 0  0.8873 62 0 0 0 0 0 0 0 0 
17 0 0 0 0 1 0  8   64 1  2.3514 30 0 0 0 0 0 1 0 0 
15 0 0 0 0 1 0 32 1024 0  2.1691 52 0 0 0 0 0 0 0 0 
14 0 0 0 0 0 0  1    1 0  1.2528 20 0 0 0 0 0 0 0 0 
12 0 0 0 1 1 1 17  289 0  1.4271 34 3 0 0 0 0 1 0 0 
14 0 0 0 0 1 0 10  100 0  1.7405 29 2 0 0 0 0 0 0 1 
12 0 0 0 0 1 0 18  324 1  2.2266 35 4 0 0 0 0 0 0 0 
12 0 0 0 1 0 0 10  100 1  0.9676 27 2 0 0 0 0 1 0 0 
12 0 0 0 0 1 0 29  841 1  1.8326 46 0 1 0 0 0 0 0 0 
12 0 0 0 1 0 0 39 1521 0  1.6094 56 0 1 0 0 0 1 0 0 
12 0 0 0 1 1 1 31  961 0  1.1787 48 0 0 0 0 0 1 0 0 
10 0 0 0 0 1 0 18  324 1  2.2513 33 2 1 0 0 0 0 0 0 
12 0 1 0 1 1 1 14  196 1  2.0149 31 1 0 0 0 0 1 0 0 
12 0 0 0 1 1 1  8   64 0  1.0116 25 1 0 0 0 0 0 1 0 
12 1 0 0 0 0 0  9   81 0  1.6094 26 0 0 0 0 0 0 0 0 
16 1 0 0 1 0 0  3    9 0  1.0296 24 0 0 0 0 0 1 0 0 
 9 1 1 0 1 1 1 24  576 0  0.9746 38 6 1 0 0 0 0 0 0 
 7 1 0 0 1 1 1 21  441 0  0.8109 33 2 1 0 0 0 0 0 0 
12 1 0 0 0 1 0 15  225 0  1.2879 32 1 0 0 0 0 0 1 0 
18 1 0 0 0 0 0  2    4 0  1.8005 25 0 0 0 0 0 0 0 1 
16 1 1 0 1 0 0 12  144 0  1.0986 33 0 1 0 0 0 0 0 0 
12 1 1 0 1 1 1  7   49 0  1.1939 24 2 1 0 0 0 0 0 0 
 9 1 1 0 1 0 0 33 1089 0  1.3218 47 1 1 0 0 0 0 0 0 
15 1 0 0 0 0 0  5   25 0  1.6487 25 0 0 0 1 0 0 0 0 
18 1 0 0 1 0 0  3    9 0  1.3218 26 0 0 0 0 0 1 0 0 
11 1 0 0 1 1 1  8   64 0  0.8990 24 1 0 0 0 1 0 0 0 
13 1 0 0 1 1 1  5   25 0  1.3797 23 1 0 0 0 0 1 0 0 
12 1 0 0 1 1 1  1    1 0  1.2264 18 0 1 0 0 0 0 0 0 
12 0 0 0 1 1 1 21  441 0  0.9220 38 2 0 0 0 0 0 1 0 
12 0 0 0 0 0 0  1    1 0  0.9773 18 1 1 0 0 0 0 0 0 
11 0 0 0 1 1 1 37 1369 0  1.0159 53 0 0 0 0 0 0 1 0 
12 0 0 0 0 1 0 17  289 1  1.6094 34 0 0 1 0 0 0 0 0 
12 0 0 0 1 0 0 43 1849 0  1.6582 60 0 1 0 0 0 1 0 0 
12 0 0 0 0 0 0  4   16 0  1.7272 21 0 1 0 1 0 0 0 0 
12 0 0 0 0 0 0  6   36 0  1.0986 23 0 0 1 0 0 0 0 0 
 8 0 0 0 0 1 0 49 2401 1  1.9459 62 0 1 0 0 0 0 0 0 
16 0 0 0 0 1 0 13  169 0  2.2783 34 3 1 0 0 0 0 0 1 
18 0 0 0 0 1 0 11  121 1  1.5333 34 3 0 0 0 0 0 0 1 
 8 0 0 0 1 1 1 18  324 0  1.0473 31 3 0 0 0 0 0 0 0 
 7 1 1 0 0 1 0 14  196 0  1.5179 26 1 1 0 0 0 0 0 0 
15 1 0 0 1 1 1 20  400 0  1.6297 40 1 0 0 0 0 1 0 0 
14 1 0 0 1 0 0 38 1444 0  1.8718 57 0 0 0 0 0 0 0 1 
10 1 0 0 0 1 0 46 2116 1  1.6094 61 0 1 0 0 0 0 0 0 
18 1 0 0 0 1 0 20  400 0  2.6872 43 4 0 0 0 0 0 0 1 
16 1 0 0 1 0 0  7   49 0  1.8908 28 0 0 0 0 0 0 0 1 
12 1 0 0 1 1 1 10  100 0  1.1787 27 1 0 0 0 0 1 0 0 
18 1 0 0 0 1 0 12  144 0  2.7080 35 3 0 0 0 0 0 0 1 
12 1 0 0 1 0 0 13  169 0  2.1914 30 0 0 0 1 0 0 0 0 
16 1 0 0 0 1 0 20  400 0  2.1203 41 2 0 0 0 0 0 0 1 
12 1 0 0 0 0 0  6   36 0  1.5041 23 0 0 0 0 0 1 0 0 
 9 1 0 0 1 0 0  6   36 0  1.1787 20 0 0 0 0 0 1 0 0 
 8 1 0 0 0 1 0 40 1600 0  1.1632 53 1 1 0 0 0 0 0 0 
12 1 0 0 1 0 0  1    1 0  0.9445 18 0 0 0 0 0 0 1 0 
10 1 1 0 0 0 0 14  196 1  1.6094 29 0 0 0 0 0 1 0 0 
12 1 0 0 0 0 0  5   25 0  1.0647 22 1 0 1 0 0 0 0 0 
 8 1 0 0 0 1 0 17  289 0  1.0647 30 4 1 0 0 0 0 0 0 
12 1 0 0 0 1 0 14  196 0  2.0015 31 3 1 0 0 0 1 0 0 
12 1 0 0 1 1 1 12  144 0  1.1394 29 3 0 0 0 0 1 0 0 
13 1 0 0 0 1 0 30  900 1  1.9913 48 0 0 0 0 0 1 0 0 
14 1 0 0 0 1 0 38 1444 1  2.0149 57 0 0 0 0 0 1 0 0 
12 1 1 0 0 1 0 23  529 0  1.0647 40 6 1 0 0 0 0 0 0 
 9 1 0 0 0 0 0  5   25 0  0.9746 19 1 0 0 0 0 0 0 0 
12 1 0 0 0 1 0 36 1296 1  2.1576 53 0 1 0 0 0 0 0 0 
11 1 1 0 1 0 0 34 1156 0  1.1787 50 0 0 0 0 0 0 0 0 
13 1 0 0 0 1 0  5   25 1  1.9936 23 1 1 0 0 0 0 0 0 
 6 0 1 0 0 1 0 48 2304 0  1.5738 59 0 1 0 0 0 0 0 0 
 6 0 0 0 0 1 0 38 1444 0  2.2225 49 0 1 0 0 0 0 0 0 
15 0 1 0 1 0 0  8   64 0  1.6549 28 0 0 0 1 0 0 0 0 
12 0 0 0 1 0 0 39 1521 1  1.7272 56 0 0 0 0 0 0 1 0 
16 0 0 0 1 0 0 16  256 1  2.0314 37 2 0 0 0 0 0 0 1 
14 0 0 0 1 1 1 25  625 0  0.4520 44 3 0 0 0 0 1 0 0 
13 1 0 0 0 1 0  4   16 0  1.3218 22 0 0 0 0 0 1 0 0 
12 1 0 0 0 0 0  6   36 0  1.6094 23 0 1 0 0 0 1 0 0 
12 1 0 0 1 0 0 46 2116 0  2.0215 63 0 0 0 0 0 0 0 1 
18 1 1 0 1 0 0 22  484 0  1.6818 45 0 0 0 0 0 0 0 1 
11 1 0 0 0 1 0 27  729 0  1.8326 43 2 1 0 0 0 0 0 0 
12 1 0 0 0 1 0  4   16 1  1.2528 21 2 1 0 0 0 0 0 0 
11 1 0 0 0 1 0 41 1681 1  1.6341 57 0 1 0 0 0 0 0 0 
16 1 1 0 1 0 0 30  900 1  2.3026 51 0 0 0 0 0 0 0 1 
14 1 0 0 1 1 1  3    9 0  1.7430 22 0 0 0 0 0 1 0 0 
 7 1 1 0 0 1 0 21  441 1  1.8326 33 3 1 0 0 0 0 0 0 
12 1 1 0 1 1 1 22  484 0  1.0498 39 1 0 0 0 0 0 1 0 
18 1 0 0 0 0 0  9   81 0  2.1576 32 0 0 0 0 0 0 0 1 
16 1 0 0 0 1 0 27  729 0  2.3826 48 0 1 0 0 1 0 0 0 
16 1 0 0 1 0 0  2    4 0  1.5581 23 0 0 0 0 0 0 0 1 
12 0 0 0 1 1 1  8   64 1  1.4231 25 1 0 0 0 0 0 0 0 
10 0 0 0 1 1 1 27  729 0  1.1632 42 0 0 0 0 0 1 0 0 
12 0 0 0 0 1 0 13  169 0  1.6243 30 1 0 0 0 1 0 0 0 
10 0 0 0 0 1 0 43 1849 1  2.0149 58 0 0 0 0 0 0 0 0 
14 0 0 0 0 1 0 16  256 0  1.9867 35 2 0 0 1 0 0 0 0 
12 0 0 0 0 1 0 12  144 0  1.0498 29 3 0 0 0 0 0 1 0 
15 0 0 0 1 0 0  4   16 0  1.3863 24 0 0 0 1 0 0 0 0 
12 0 0 0 1 1 1  4   16 0  1.3218 21 0 1 0 0 0 1 0 0 
12 0 0 0 1 0 0 12  144 1  1.5261 29 1 1 0 0 0 0 0 0 
16 0 0 0 0 1 0  5   25 0  2.1972 26 0 1 0 0 0 0 0 1 
18 1 0 0 0 1 0 36 1296 0  1.8971 59 1 0 0 0 0 0 0 1 
 2 1 1 0 0 1 0 55 3025 0  1.1394 62 0 0 0 0 0 0 1 0 
12 1 0 0 0 0 0 17  289 0  1.3545 34 0 0 0 0 0 0 0 0 
12 1 0 0 0 1 0 14  196 0  2.1203 31 2 0 0 0 0 0 0 0 
18 1 0 0 0 0 0 31  961 0  2.4920 54 0 0 0 0 0 0 0 1 
12 1 0 0 1 0 0 21  441 0  1.0986 38 1 0 0 0 0 1 0 0 
12 1 0 0 0 0 0  5   25 0  1.5993 22 0 0 0 1 0 0 0 0 
14 1 0 0 1 1 1 22  484 0  2.0949 41 0 0 0 1 0 0 0 0 
 7 1 0 0 0 1 0 19  361 1  1.6094 31 2 1 0 0 0 0 0 0 
11 1 0 0 0 1 0 30  900 0  2.5257 46 2 1 0 0 0 0 0 0 
14 1 0 0 0 1 0  9   81 0  1.8326 28 0 0 0 0 0 1 0 0 
12 1 0 0 1 1 1 30  900 0  1.5686 47 0 1 0 0 0 0 0 1 
12 1 0 0 0 0 0  9   81 1  1.7143 26 2 0 0 0 0 1 0 0 
12 1 0 0 1 0 0  7   49 0  1.1787 24 1 0 0 0 0 1 0 0 
13 1 0 0 1 0 0  1    1 0  0.6931 19 1 0 0 0 0 0 1 0 
12 1 0 0 0 1 0 14  196 1  1.5581 31 6 0 0 0 0 0 0 1 
 8 0 0 0 0 1 0 37 1369 1  2.3979 50 0 0 0 0 0 0 0 0 
12 0 0 0 1 1 1 28  784 0  1.6094 45 0 0 0 0 0 0 0 0 
13 0 0 0 1 1 1  8   64 1  1.7492 26 3 0 0 0 0 0 0 0 
12 0 0 0 0 1 0 36 1296 1  1.6292 53 2 0 0 0 0 1 0 0 
12 0 0 0 1 0 0  1    1 0  1.2528 18 0 0 0 0 0 1 0 0 
12 0 0 0 1 0 0 17  289 0  1.6094 34 0 1 0 0 0 1 0 0 
15 0 0 0 0 0 0  5   25 0  1.3218 25 0 0 1 0 0 0 0 0 
12 0 0 0 1 1 1  4   16 0  1.2528 21 0 0 0 0 0 1 0 0 
12 0 0 0 0 1 0 15  225 1  1.9021 32 3 0 0 0 0 1 0 0 
 8 1 0 0 0 1 0 18  324 0  0.9925 31 2 0 0 1 0 0 0 0 
16 1 0 0 0 1 0  2    4 0  1.3863 23 0 0 0 1 0 0 0 0 
16 1 0 0 0 1 0  6   36 0  1.8971 27 0 1 0 0 0 0 0 1 
12 1 0 0 1 1 1 23  529 0  1.7272 40 0 0 0 0 0 1 0 0 
12 1 0 0 1 0 0 12  144 0  0.9746 29 1 0 0 0 0 1 0 0 
12 1 0 0 0 1 0 20  400 1  2.3026 37 2 1 0 0 0 0 0 0 
16 1 0 0 0 1 0 17  289 0  2.3026 38 2 0 0 0 1 0 0 0 
16 0 0 0 1 1 1  8   64 0  2.0412 29 0 1 0 0 1 0 0 0 
12 0 0 0 1 0 0  4   16 0  1.5315 21 0 1 0 0 0 1 0 0 
12 0 1 0 0 0 0 13  169 0  1.3863 30 3 0 1 0 0 0 0 0 
16 0 0 0 0 0 0 12  144 0  2.0468 33 0 0 0 0 0 0 0 1 
15 0 0 0 0 0 0 17  289 0  2.2900 37 1 0 0 0 0 0 0 1 
17 0 0 0 1 1 1  8   64 0  1.8718 30 0 0 0 1 0 0 0 0 
10 0 0 0 0 1 0 42 1764 0  1.8654 57 0 0 0 0 0 0 0 0 
10 0 0 0 0 0 0  5   25 1  1.7309 20 1 1 0 0 0 0 0 0 
16 0 0 0 0 0 0 18  324 1  1.9741 39 0 0 0 0 0 0 0 1 
12 0 0 0 1 0 0  3    9 0  1.4469 20 0 1 0 0 0 0 0 0 
 8 0 0 0 0 0 0 22  484 0  1.4271 35 0 1 0 0 0 0 0 1 
12 0 0 0 1 1 1 18  324 0  1.2649 35 2 0 0 0 0 1 0 0 
12 0 0 0 0 1 0  8   64 0  1.9636 25 0 0 0 0 0 0 0 0 
15 0 0 0 0 1 0  1    1 0  1.7272 21 0 1 0 1 0 0 0 0 
15 0 0 0 1 0 0  4   16 0  1.4858 24 0 1 0 0 0 0 0 1 
12 0 0 0 0 1 0 11  121 0  1.3863 28 0 0 1 0 0 0 0 0 
12 0 0 0 0 1 0 45 2025 1  2.1518 62 0 0 0 0 0 0 0 0 
12 0 0 0 0 1 0 35 1225 0  2.1019 52 0 0 0 1 0 0 0 0 
11 1 1 0 0 0 0 22  484 0  1.0116 38 0 1 0 0 0 0 0 0 
12 1 0 0 1 1 1 13  169 0  1.7272 30 3 0 0 0 0 0 1 0 
14 1 0 0 0 1 0 34 1156 0  3.3514 53 0 1 0 1 0 0 0 0 
10 1 0 0 0 1 0  9   81 1  1.3218 24 3 0 1 0 0 1 0 0 
10 1 0 0 0 1 0 36 1296 0  1.7918 51 0 0 0 0 0 0 0 0 
10 1 0 0 0 1 0 14  196 0  1.6094 29 0 1 0 0 0 0 0 0 
12 0 0 0 1 1 1  2    4 0  1.1291 19 0 0 0 0 0 1 0 0 
 8 0 0 0 0 1 0 32 1024 1  1.6487 45 1 1 0 0 0 0 0 0 
14 0 0 0 1 0 0 39 1521 0  1.9459 58 0 1 0 0 0 1 0 0 
12 0 0 0 1 1 1  9   81 0  0.8650 26 2 0 0 0 0 0 1 0 
18 0 0 0 0 1 0  3    9 0  1.9373 26 0 0 0 0 0 0 0 1 
10 0 0 0 0 1 0  8   64 0  0.8650 23 1 0 0 0 0 0 0 0 
16 0 0 0 0 1 0  7   49 0  1.3806 28 1 0 0 0 0 0 1 0 
14 0 0 0 0 1 0  7   49 0  1.6094 26 1 0 0 1 0 0 0 0 
13 0 0 0 0 1 0  4   16 0  1.8326 22 1 0 1 0 0 0 0 0 
16 0 0 0 0 0 0  5   25 0  1.6677 26 0 0 0 1 0 0 0 0 
14 1 1 0 0 0 0  6   36 0  1.0986 25 0 0 0 0 1 0 0 0 
12 1 0 0 0 1 0 37 1369 0  1.8795 54 0 1 0 0 0 0 0 0 
 6 1 1 0 0 0 0 11  121 0  1.0986 22 3 0 1 0 0 0 0 0 
 8 1 0 0 1 0 0 41 1681 1  1.6094 54 0 1 0 0 0 0 0 0 
12 1 1 0 1 0 0 30  900 0  2.7444 47 0 0 0 0 0 0 0 1 
16 1 0 0 0 1 0 13  169 0  2.1638 34 0 1 0 0 0 0 0 1 
18 0 0 0 1 0 0  4   16 0  1.6094 27 0 0 0 0 0 1 0 0 
12 0 0 0 1 1 1 16  256 0  1.7272 33 2 0 0 1 0 0 0 0 
13 0 0 0 0 1 0  8   64 1  1.3083 26 1 0 0 0 0 0 0 0 
16 0 0 0 0 1 0 32 1024 0  2.0149 53 0 0 0 0 0 0 0 1 
12 0 0 0 1 0 0  6   36 0  0.9704 23 1 0 0 0 0 0 0 0 
14 0 0 1 1 1 1 30  900 0  1.3610 49 0 0 0 0 0 1 0 0 
12 0 0 0 1 0 0  1    1 0  1.0986 18 0 0 0 0 0 1 0 0 
12 0 0 0 0 0 0  4   16 1  1.6487 21 2 1 0 0 0 0 0 0 
13 0 0 0 0 1 0 41 1681 1  2.6912 59 0 0 1 0 0 0 0 0 
12 0 0 0 0 1 0 22  484 1  2.0412 39 2 1 0 0 0 0 0 0 
12 0 0 0 0 1 0 22  484 0  1.7619 39 3 1 0 0 0 0 0 0 
15 0 0 0 0 1 0 31  961 1  2.5257 51 1 0 0 0 1 0 0 0 
16 0 0 0 1 0 0  2    4 1  1.8524 23 0 0 0 0 0 0 0 1 
15 0 0 0 0 1 0 19  361 1  2.0794 39 2 0 0 0 0 0 0 0 
12 0 0 0 1 1 1 14  196 0  1.8101 31 0 0 0 0 0 1 0 0 
11 0 0 0 1 0 0 16  256 0  1.2040 32 1 0 1 1 0 0 0 0 
12 1 0 0 0 0 0  3    9 0  1.3466 20 0 0 0 0 0 0 0 0 
12 1 0 0 0 1 0  3    9 1  1.5146 20 1 1 0 0 0 0 0 0 
 8 1 0 0 0 1 0 30  900 1  2.1102 43 3 1 0 0 0 0 0 0 
12 1 0 0 1 0 0  3    9 0  0.9163 20 1 0 0 1 0 0 0 0 
 4 1 1 0 0 1 0 55 3025 0  1.1474 64 2 1 0 0 0 0 1 0 
12 1 0 0 0 0 0  3    9 0  1.1394 20 4 0 0 0 0 0 0 0 
11 1 0 0 0 1 0 19  361 1  2.5257 35 3 0 1 0 0 0 0 0 
 9 1 0 0 1 0 0 27  729 1  1.4553 41 0 1 0 0 0 0 0 0 
12 1 0 0 0 1 0  9   81 1  1.7918 26 2 0 0 0 0 0 0 1 
12 0 1 0 0 0 0 13  169 0  1.4351 30 0 1 0 0 0 0 0 0 
16 0 0 0 0 1 0 31  961 0  2.5494 52 1 0 0 0 1 0 0 0 
12 0 0 0 1 0 0 16  256 0  1.5422 33 3 1 0 0 0 1 0 0 
11 0 0 0 0 0 0  4   16 0  0.9746 20 1 0 0 0 0 0 0 0 
16 0 0 0 0 1 0  3    9 0  2.0015 24 0 1 0 0 0 0 0 0 
16 0 0 0 1 0 0  4   16 0  1.4469 25 0 0 0 0 0 0 0 1 
12 0 0 0 1 1 1 36 1296 1  1.3218 53 0 0 0 0 0 1 0 0 
 9 1 0 0 0 1 0  6   36 0  1.6094 20 1 0 0 0 0 0 0 0 
12 1 0 0 0 1 0 19  361 0  1.9867 36 1 0 0 1 0 0 0 0 
18 1 0 0 0 1 0 14  196 0  2.0669 37 3 0 0 0 0 0 0 1 
12 0 0 0 0 1 0 38 1444 0  1.4610 55 0 0 0 1 0 0 0 0 
13 0 0 0 0 1 0  8   64 1  1.8101 26 0 1 0 0 0 0 0 0 
12 0 0 0 1 1 1  4   16 0  1.5581 21 0 1 0 0 0 0 0 0 
15 0 0 0 0 0 0 12  144 0  1.8326 32 0 0 0 0 0 0 0 1 
12 0 0 0 0 1 0 41 1681 0  2.4445 58 0 0 0 0 1 0 0 0 
12 0 0 0 1 1 1 24  576 0  1.7430 41 2 1 0 0 0 1 0 0 
11 0 0 0 0 1 0 17  289 0  1.7918 33 2 0 0 0 0 0 0 0 
12 0 0 0 1 1 1  8   64 0  1.1787 25 2 0 0 0 0 1 0 0 
12 0 0 0 0 0 0  2    4 0  1.3863 19 2 0 0 0 0 0 0 0 
12 0 0 0 0 1 0  2    4 0  1.2448 19 1 0 0 0 0 0 0 0 
12 0 0 0 1 1 1 39 1521 0  1.4469 56 0 0 0 0 0 1 0 0 
12 0 0 0 0 1 0  6   36 0  2.5257 23 0 0 0 0 0 0 0 0 
 9 0 0 1 1 1 1 34 1156 0  1.0296 48 1 0 0 0 0 0 1 0 
17 0 0 0 0 1 0 14  196 0  2.0149 36 2 0 0 0 0 0 0 1 
17 0 0 0 0 1 0  7   49 0  2.0949 29 0 0 0 0 0 0 0 1 
10 0 0 0 1 0 0 46 2116 0  0.9943 61 0 1 0 0 0 0 0 0 
18 0 0 0 0 1 0  4   16 0  1.9279 27 0 0 0 0 0 0 0 1 
12 0 0 0 1 1 1 12  144 0  0.5596 29 2 0 0 0 0 0 1 0 
12 0 0 1 1 1 1  6   36 0  1.2164 23 1 0 0 0 0 1 0 0 
 6 0 0 1 0 1 0 15  225 0  1.4469 26 2 0 1 0 0 0 0 0 
13 0 0 1 0 1 0 12  144 1  1.5041 30 2 0 0 0 0 0 0 0 
17 0 0 1 0 1 0 15  225 0  2.1691 37 2 0 0 0 0 0 0 1 
12 0 0 0 0 1 0 15  225 0  2.0794 32 2 0 0 0 0 0 0 1 
12 0 1 0 1 1 1 12  144 1  1.1151 29 8 0 0 0 0 0 1 0 
12 0 0 0 0 1 0 23  529 0  1.6790 40 2 0 0 0 1 0 0 0 
14 0 0 1 0 0 0 41 1681 0  2.1848 60 0 1 0 1 0 0 0 0 
12 0 0 0 1 0 0 42 1764 0  1.5041 59 2 0 0 0 0 0 1 0 
12 0 0 0 0 1 0 10  100 0  1.7047 27 0 0 1 0 0 0 0 0 
10 0 0 1 0 1 0 20  400 0  1.4586 35 2 1 0 0 0 0 0 0 
13 0 0 0 0 1 0  4   16 1  1.7297 22 0 0 0 0 0 1 0 0 
16 0 0 0 1 1 1 11  121 1  1.8326 32 1 0 0 0 0 0 0 1 
12 0 0 0 1 0 0  6   36 0  1.1394 23 1 0 0 0 1 0 0 0 
14 0 0 0 0 1 0 19  361 0  1.2496 38 3 0 0 0 1 0 0 0 
12 0 0 0 0 1 0 32 1024 0  2.2401 49 2 0 0 1 0 0 0 0 
12 0 0 0 0 1 0 21  441 0  1.3863 38 0 0 0 0 0 0 0 0 
11 0 0 0 0 1 0 39 1521 0  1.2164 55 2 0 0 0 0 0 1 0 
18 0 0 0 0 1 0 15  225 0  2.0815 38 2 0 0 1 0 0 0 0 
12 0 0 0 1 1 1 25  625 1  1.5943 42 5 0 0 0 0 1 0 0 
12 0 0 0 1 0 0 18  324 0  1.0733 35 4 0 0 0 0 1 0 0 
12 0 0 0 1 1 1 21  441 0  1.7047 38 1 1 0 0 0 0 0 0 
17 0 0 0 1 1 1 11  121 1  2.2437 33 2 0 0 0 0 0 0 1 
14 0 0 0 0 0 0  6   36 0  1.1394 25 3 1 0 0 0 1 0 0 
12 0 1 0 0 0 0  5   25 1  0.8755 22 0 0 0 0 0 0 1 0 
15 1 1 0 1 1 1 12  144 0  2.1041 32 3 0 0 0 0 0 0 1 
 8 1 1 0 0 1 0 44 1936 0  1.0986 57 0 0 0 0 0 0 1 0 
16 1 1 0 1 0 0  7   49 0  2.1691 28 0 0 0 0 0 0 0 1 
16 1 1 0 1 0 0 25  625 0  1.3481 46 0 0 0 0 0 0 0 1 
12 0 0 0 1 0 0  5   25 1  1.0986 22 0 1 0 0 0 0 0 0 
12 0 0 0 0 1 0 27  729 0  2.0794 44 5 0 0 0 1 0 0 0 
10 0 0 0 1 0 0 36 1296 1  1.2936 51 0 1 0 0 0 0 0 0 
12 0 0 0 0 0 0 31  961 0  2.1401 48 2 0 0 0 0 0 0 1 
14 0 0 0 0 0 0 27  729 0  2.4049 46 0 0 0 1 0 0 0 0 
13 0 0 0 1 1 1 44 1936 0  1.3987 62 0 0 0 0 0 1 0 0 
16 0 0 0 1 0 0  7   49 0  1.4291 28 0 0 0 0 0 0 0 1 
12 0 0 0 0 0 0 13  169 1  1.9913 30 0 0 0 0 0 0 0 0 
14 0 0 0 1 1 1 36 1296 0  1.3545 55 0 0 0 0 0 1 0 0 
12 0 0 0 1 0 0  4   16 0  1.2669 21 1 0 0 0 0 1 0 0 
12 0 0 0 0 1 0 30  900 1  2.0477 47 0 0 0 0 0 0 0 0 
10 0 0 0 0 1 0 16  256 0  1.6094 31 2 0 0 1 0 0 0 0 
17 0 0 0 0 1 0 15  225 1  2.0149 37 2 0 0 0 0 0 0 1 
13 0 0 0 1 0 0  2    4 0  0.9725 20 0 0 0 0 0 0 0 0 
12 0 0 0 0 1 0 32 1024 1  1.8326 49 0 0 1 0 0 0 0 0 
12 0 0 0 0 1 0  9   81 0  1.2040 26 0 0 0 0 0 0 0 0 
18 0 0 0 0 1 0 21  441 0  2.3026 44 5 0 0 0 0 0 0 1 
12 0 0 0 1 1 1  4   16 0  1.2528 21 1 1 0 0 0 0 0 0 
13 0 0 0 1 1 1 35 1225 0  1.5041 53 1 0 0 0 0 1 0 0 
14 0 0 0 1 1 1  5   25 0  1.3863 24 0 0 0 0 1 0 0 0 
12 0 0 0 1 0 0  1    1 0  1.0116 18 0 0 0 0 0 1 0 0 
10 0 0 0 0 0 0  3    9 0  1.3657 18 0 0 0 0 0 0 0 0 
12 0 0 0 1 0 0  3    9 0  1.3218 20 0 1 0 0 0 1 0 0 
12 0 0 0 0 1 0 21  441 0  2.3026 38 2 0 0 1 0 0 0 0 
12 0 0 0 0 1 0  6   36 0  2.0149 23 0 0 0 0 1 0 0 0 
18 1 0 0 0 0 0 34 1156 0  3.2179 57 0 0 0 1 0 0 0 0 
12 1 0 0 1 0 0 22  484 0  1.6094 39 2 0 0 0 0 0 0 1 
17 1 0 0 0 1 0 16  256 0  2.5840 38 3 1 0 1 0 0 0 0 
13 0 0 0 1 0 0  4   16 0  1.3218 22 0 0 0 0 0 1 0 0 
18 0 0 0 0 1 0 15  225 0  2.1019 38 2 0 0 0 0 0 0 1 
13 0 0 0 0 1 0 26  676 0  1.6784 44 1 0 0 0 0 0 0 1 
17 0 0 0 1 1 1 19  361 1  1.7492 41 2 0 0 0 0 0 0 1 
 7 0 0 0 0 1 0 43 1849 0  0.9746 55 0 0 0 0 0 0 0 0 
 8 0 0 0 0 1 0 18  324 0  1.8718 31 3 0 1 0 0 0 0 0 
17 0 0 0 0 1 0 10  100 1  1.6094 32 2 0 0 0 0 0 0 1 
10 0 0 0 0 0 0  3    9 0  0.7985 18 1 1 0 0 0 0 0 0 
 9 0 0 0 0 1 0 46 2116 0  1.2040 60 0 1 0 0 0 0 0 0 
12 0 0 0 1 1 1 10  100 1  1.4171 27 1 0 0 0 0 1 0 0 
17 0 0 0 0 1 0  5   25 1  1.8871 27 2 0 0 0 0 0 0 1 
14 0 0 0 0 0 0  5   25 0  1.6503 24 0 0 0 0 0 0 0 0 
12 0 0 0 1 0 0  7   49 0  1.1925 24 0 0 0 0 0 1 0 0 
12 0 0 0 0 1 0 15  225 1  2.3933 32 2 0 1 0 0 0 0 0 
12 0 0 0 0 1 0 31  961 1  2.1889 48 2 0 0 0 0 1 0 0 
12 0 0 0 0 1 0 39 1521 0  2.5257 56 0 0 0 0 1 0 0 0 
14 0 0 0 0 1 0  8   64 0  1.6094 27 3 0 1 0 0 0 0 0 
13 0 0 0 1 1 1 28  784 0  0.9163 46 0 0 0 0 0 1 0 0 
16 0 0 0 1 0 0 10  100 1  2.4145 31 0 0 0 0 0 0 0 1 
12 0 0 0 0 1 0 36 1296 1  2.5257 53 0 1 0 0 0 0 0 0 
15 0 0 0 1 1 1  3    9 1  2.0794 23 0 0 0 0 0 1 0 0 
12 0 0 0 0 1 0 27  729 1  2.6583 44 1 0 1 0 0 0 0 0 
 8 0 0 0 0 1 0 47 2209 1  2.4744 60 0 0 0 0 0 0 0 0 
12 0 0 0 1 0 0 39 1521 1  2.6391 56 0 0 0 0 0 0 1 0 
15 0 0 0 0 0 0 12  144 0  2.5257 32 0 0 0 0 0 0 0 1 
