YEAR SALES SALESPC INCPC RPRICE CIGTOB TOBPC PRTOB DF ASTOCK 1930 118.9 1329  701.1  74.20 43.58  8.62 0.84  .00000 1.18915 1931 113.6 1254  652.7  86.84 43.23  8.55 0.94  .00000 1.39317 1932 102.5 1117  546.5  96.82 41.56  7.44 1.04  .00000 1.49735 1933 111.3 1198  527.9  87.63 42.96  7.59 0.97  .00000 1.56667 1934 125.4 1333  589.4  91.02 45.30  8.11 0.98  .00000 1.68602 1935 134.0 1406  666.1  90.27 48.67  8.00 0.95  .00000 1.70033 1936 152.2 1576  733.0  89.88 51.13  8.59 0.93  .00000 1.70958 1937 162.3 1661  798.1  89.77 52.74  8.71 0.93  .00000 1.70097 1938 163.0 1647  739.6  92.86 53.19  8.53 0.95  .00000 1.70542 1939 171.6 1712  794.5  95.91 55.08  8.61 0.99  .00000 1.66012 1940 181.3 1785  859.7  99.05 55.61  8.92 1.00  .00000 1.64999 1941 208.3 2024  994.8  96.60 59.49  9.57 0.98  .00000 1.59117 1942 244.3 2346 1108.6  89.96 64.74 10.45 0.91  .00000 1.46325 1943 283.3 2688 1182.1  88.03 68.25 11.20 0.90  .00000 1.39846 1944 295.3 2769 1194.4  87.86 70.42 10.97 0.91  .00000 1.28863 1945 339.3 3153 1140.2  87.76 72.81 12.19 0.92  .00000 1.09084 1946 342.9 3160 1107.1  82.22 74.96 11.92 0.88  .00000 0.99036 1947 344.1 3139 1071.2  78.03 75.31 11.72 0.83  .00000 0.97117 1948 357.7 3231 1094.4  76.14 76.21 11.88 0.81  .00000 0.98999 1949 360.0 3216 1068.1  79.13 77.33 11.70 0.84  .00000 1.09825 1950 368.5 3260 1151.0  79.75 77.62 11.73 0.85  .00000 1.16346 1951 395.7 3466 1222.7  76.61 78.89 12.25 0.81  .00000 1.25363 1952 414.6 3595 1233.5  78.99 79.63 12.36 0.83  .00000 1.37189 1953 406.8 3494 1264.7  82.40 80.08 12.66 0.86  .00000 1.54021 1954 385.6 3277 1217.2  83.11 79.19 11.88 0.87  .00000 1.73436 1955 395.0 3319 1282.7  83.67 79.15 11.70 0.88  .00000 1.88734 1956 405.0 3360 1280.6  84.40 80.26 11.23 0.88  .00000 2.10112 1957 447.2 3440 1270.9  83.87 80.51 11.14 0.88  .00000 2.53438 1958 447.2 3610 1232.2  84.41 80.65 11.30 0.88  .00000 2.79670 1959 467.5 3714 1291.3  89.58 80.82 11.19 0.91  .00000 3.05656 1960 484.6 3805 1301.6  90.98 81.56 10.78 0.92  .00000 3.19201 1961 503.0 3870 1304.3  91.07 82.00 10.89 0.92  .00000 3.25255 1962 509.3 3804 1365.5  90.95 82.12 10.66 0.92  .00000 3.38648 1963 525.0 3862 1401.2  92.69 82.34 10.60 0.93  .00000 3.67951 1964 512.5 3755 1465.5  93.22 79.81 10.33 0.94  .00000 3.91870 1965 530.4 3824 1531.1  96.40 81.41 10.33 0.97  .00000 4.06153 1966 543.0 3849 1616.0  98.77 81.65  9.98 0.99  .00000 4.30157 1967 551.2 3841 1637.1 100.00 82.04  9.96 1.00  .12382 4.48680 1968 547.6 3751 1697.6 102.30 82.06  9.48 1.02  .88453 4.54369 1969 530.7 3575 1723.7 102.46 81.37  8.99 1.02 1.41522 4.48891 1970 538.7 3565 1697.9 105.33 80.68  8.66 1.04 1.06143 4.41607 1971 555.1 3609 1736.4 105.61 81.41  8.51 1.04  .00000 4.03441 1972 565.4 3615 1843.4 107.98 82.38  8.63 1.06  .00000 3.77024 1973 590.0 3711 1929.2 104.43 83.11  8.53 1.03  .00000 3.49534 1974 599.0 3709 1866.0  98.71 84.04  8.41 0.97  .00000 3.43305 1975 607.2 3709 1816.9  97.02 84.57  8.20 0.95  .00000 3.69507 1976 613.5 3687 1910.3  95.66 84.58  7.81 0.94  .00000 4.20162 1977 617.0 3653 2143.8  94.21 84.92  7.65 0.93  .00000 4.80665 1978 616.0 3592 2236.2  92.02 85.06  7.31 0.91  .00000 5.48167 TIME ADV TOBADV REALAD TPERCIG ASTOCK1 ASTOCK2 F L LNI 30  46.2  53.8 0.48377 .00283 1.18915 0.00000  0  0.0 -0.66880 
31  50.1  61.5 0.59643 .00285 1.39316 0.00000  0  0.0 -0.74530 
32  41.9  46.7 0.56393 .00275 1.49735 0.00000  0  0.0 -0.97060 
33  41.3  45.6 0.56344 .00263 1.56666 0.00000  0  0.0 -1.02110 
34  49.7  46.4 0.63636 .00278 1.68603 0.00000  0  0.0 -0.86810 
35  44.0  39.6 0.57069 .00270 1.70033 0.00000  0  0.0 -0.72280 
36  45.8  45.8 0.57036 .00272 1.70958 0.00000  0  0.0 -0.62480 
37  45.0  40.1 0.55556 .00271 1.70097 0.00000  0  0.0 -0.54800 
38  45.6  40.3 0.56576 .00269 1.70541 0.00000  0  0.0 -0.61630 
39  41.4  38.9 0.51750 .00271 1.66012 0.00000  0  0.0 -0.55187 
40  43.5  42.0 0.53770 .00271 1.64998 0.00000  0  0.0 -0.48804 
41  42.4  45.5 0.48568 .00272 1.59117 0.00000  0  0.0 -0.38736 
42  39.2  41.1 0.39716 .00281 1.46325 0.00000  0  0.0 -0.32537 
43  46.7  48.1 0.41808 .00272 1.39846 0.00000  0  0.0 -0.29307 
44  42.2  34.3 0.35167 .00267 1.28863 0.00000  0  0.0 -0.28815 
45  28.5  30.8 0.22745 .00275 1.09084 0.00000  0  0.0 -0.31084 
46  32.8  33.9 0.25949 .00274 0.99036 0.00000  0  0.0 -0.32608 
47  43.5  44.0 0.30764 .00267 0.97118 0.00000  0  0.0 -0.34395 
48  51.2  51.9 0.33930 .00269 0.98999 0.00000  0  0.0 -0.33224 
49  65.2  63.9 0.43496 .00272 1.09825 0.00000  0  0.0 -0.34556 
50  65.0  63.0 0.42763 .00271 1.16346 0.00000  0  0.0 -0.30611 
51  76.9  73.2 0.47411 .00266 1.25362 0.00000  0  0.0 -0.27729 
52  88.2  82.7 0.53197 .00269 1.37189 0.00000  0  0.0 -0.27331 
53 103.9  96.0 0.62104 .00275 1.54021 0.00000  3  0.0 -0.26230 
54 119.2 109.1 0.70242 .00270 1.73436 0.00000  9  0.0 -0.27935 
55 124.9 113.6 0.72532 .00263 1.88734 0.00000 19  0.0 -0.25625 
56 149.0 134.8 0.83661 .00256 2.10112 0.00000 28  0.0 -0.25694 
57 208.2 157.5 1.12662 .00245 2.53438 0.00000 38  0.0 -0.26019 
58 208.2 188.7 1.09869 .00239 2.79671 0.00000 45  0.0 -0.27378 
59 227.8 207.0 1.18276 .00233 3.05656 0.00000 49  0.0 -0.25343 
60 223.9 203.0 1.14410 .00231 3.19199 0.00000 51  0.0 -0.25012 
61 221.1 201.2 1.11554 .00231 3.25418 0.00000 53  0.0 -0.24927 
62 241.6 221.3 1.20619 .00230 3.38649 0.00000 55  0.0 -0.23099 
63 286.2 286.6 1.41055 .00226 3.67949 0.00000 58  0.0 -0.22126 
64 299.7 300.9 1.45344 .00220 3.91870 0.00000 61  0.3 -0.20524 
65 301.7 303.1 1.43598 .00220 4.06151 0.00000 64  0.2 -0.19065 
66 341.2 342.3 1.58036 .00212 4.30158 0.00000 68  0.7 -0.17400 
67 357.7 362.4 1.60476 .00207 4.48681 0.00000 72  2.0 -0.17020 
68 356.4 360.8 1.53753 .00208 4.54370 0.00000 74  2.5 -0.15999 
69 350.9 355.7 1.44463 .00204 4.48890 0.00000 77  3.0 -0.15588 
70 361.0 366.7 1.40851 .00195 4.41607 0.00000 80  3.6 -0.15995 
71 288.6 293.1 1.07566 .00192 2.95877 1.07566 82  3.8 -0.15393 
72 295.5 306.7 1.06717 .00197 1.98237 1.78787 84  6.6 -0.13890 
73 283.9 293.8 0.96927 .00191 1.32819 2.16714 85  8.9 -0.12840 
74 351.9 357.5 1.09116 .00191 0.88989 2.54315 86  8.9 -0.13601 
75 491.3 494.5 1.39495 .00187 0.59622 3.09886 87 13.5 -0.14241 
76 639.1 641.2 1.72590 .00179 0.39947 3.80213 88 15.9 -0.13061 
77 779.1 781.7 1.99156 .00178 0.26764 4.53899 90 22.7 -0.10685 
78 875.0 878.3 2.26124 .00173 0.17932 5.30237 90 27.5 -0.09923 
