YEAR	  QY       PY      QK      PK     QL       PL     QE       PE      QM
47 196.205 1.00000  9.3130 1.00000 45.0961 1.00000 7.75697 1.00000 120.207
48 182.829 1.07863 10.6264 1.00270 43.9693 1.15457 7.20873 1.30259 106.468
49 191.077 1.06385 11.5423 0.74371 41.8166 1.15584 7.91134 1.19663 113.107
50 217.532 1.08832 11.9624 0.92497 44.4985 1.23535 8.40976 1.21442 129.378
51 235.289 1.18774 12.2972 1.04877 48.7602 1.33784 9.16439 1.25180 136.689
52 244.086 1.17562 13.0450 0.99744 51.1402 1.37949 9.22766 1.27919 141.135
53 269.111 1.17047 13.6777 1.00654 54.4577 1.43458 9.97689 1.27505 156.706
54 247.312 1.19028 14.2198 1.08757 51.2944 1.45362 10.0785 1.30357 142.018
55 277.789 1.20801 14.7225 1.10315 54.0984 1.51121 10.3920 1.34277 159.050
56 281.382 1.26104 15.1736 0.99607 55.7854 1.58187 10.9519 1.37155 162.295
57 282.153 1.29250 16.0311 1.06321 55.9122 1.64641 11.8274 1.38010 163.127
58 262.425 1.30850 16.8214 1.15619 52.6973 1.67389 11.2209 1.39338 150.735
59 291.418 1.31595 16.9557 1.30758 56.4288 1.73430 11.9592 1.36756 169.792
60 296.644 1.32115 16.9042 1.25413 56.9827 1.78280 12.1651 1.38025 169.226
61 297.000 1.31688 17.1108 1.26329 56.0163 1.81977 12.3453 1.37631 167.971
62 320.884 1.31614 17.2227 1.26525 58.5997 1.88531 12.8529 1.37689 178.634
63 337.855 1.32046 17.4505 1.32294 59.6128 1.93379 13.6740 1.34737 191.822
64 359.146 1.31636 17.8079 1.32798 61.1658 2.00998 13.7081 1.38969 198.323
65 389.238 1.33311 18.4595 1.40659 64.6947 2.05539 14.0946 1.38635 215.563
66 417.185 1.36546 19.6165 1.45100 69.2726 2.13441 14.9341 1.40102 228.398
67 425.702 1.37926 21.2163 1.38618 70.1610 2.20617 15.8150 1.39197 234.596
68 451.210 1.40634 22.4894 1.49901 72.3024 2.33869 16.2118 1.43389 250.484
69 466.830 1.44714 23.5281 1.44957 74.2756 2.46412 17.0568 1.46481 253.226
70 446.710 1.48518 24.7325 1.32465 71.2039 2.60532 18.5782 1.45907 244.296
71 457.986 1.54016 25.6062 1.20178 68.9305 2.76026 17.9034 1.64689 263.076

DATE    PM       QV       PV       Z1      Z2      Z3       Z4      Z5  
1947 1.00000  68.24103 1.00000 8.96600 13.6340 .0512840 .0141840 1847.62
1948 1.05526  69.15226 1.09126 6.51600 11.6030 .0496060 .0130530 1897.31
1949 1.06225  70.05865 1.05144 6.43600 11.6830 .0531700 .0129180 1934.16
1950 1.12430  79.74423 1.01665 5.55900 10.6990 .0508420 .0137490 1986.51
1951 1.21694  89.43562 1.13655 6.32300 13.0100 .0487060 .0133460 2025.42
1952 1.19961  93.72334 1.12930 6.64100 11.5690 .0508200 .0129270 2057.04
1953 1.19044 102.42811 1.12973 6.72200 11.0880 .0509110 .0134110 2100.42
1954 1.20612  95.21549 1.15466 7.04000 11.7980 .0478530 .0137700 2143.90
1955 1.23835 108.34700 1.15055 8.03100 12.8420 .0476270 .0144880 2168.50
1956 1.29336 108.13509 1.20134 9.24400 14.9490 .0484600 .0148920 2209.98
1957 1.30703 107.19862 1.26072 9.95300 16.2000 .0481010 .0147870 2264.27
1958 1.32700 100.46909 1.27126 8.26300 14.8040 .0471430 .0148010 2328.71
1959 1.30774 109.66679 1.32303 8.05200 15.7080 .0481390 .0152880 2378.89
1960 1.33946 115.25291 1.28803 9.80300 17.4610 .0507360 .0157690 2426.12
1961 1.34319 116.68371 1.27272 9.71000 18.3220 .0495400 .0163180 2485.86
1962 1.34745 129.39709 1.26688 10.1620 19.8620 .0495560 .0169450 2531.34
1963 1.33144 132.35901 1.30177 10.7780 21.3700 .0499710 .0171830 2597.90
1964 1.35197 147.11490 1.26152 12.4100 24.1390 .0491790 .0174600 2658.35
1965 1.37543 159.58040 1.27124 12.4140 25.0240 .0481480 .0177410 2711.21
1966 1.41879 173.85291 1.29234 13.5920 26.6520 .0448430 .0175980 2783.88
1967 1.42428 175.29100 1.31786 14.4950 27.6380 .0458830 .0176870 2853.28
1968 1.43481 184.51419 1.36527 16.2040 29.4600 .0483500 .0181190 2924.15
1969 1.53356 196.54718 1.33427 17.6890 30.7450 .0485670 .0184960 2997.76
1970 1.54758 183.83578 1.40490 18.8160 33.3560 .0509260 .0187190 3087.61
1971 1.54979 177.00661 1.51505 18.4780 34.1060 .0511600 .0192980 3168.62

TIME   Z6       Z7      Z8      Z9     Z10 
1947 28.6602 849.660 3.90080 7.30560 144.126
1948 29.3900 886.996 6.37950 11.9406 146.631
1949 31.0142 931.750 8.57800 15.1466 149.188
1950 32.4455 961.190 5.74440 16.5949 152.271
1951 40.8226 1016.40 9.01630 28.3267 154.878
1952 44.8486 1062.65 13.0830 37.6272 157.553
1953 45.0717 1094.06 18.6426 38.7381 160.184
1954 44.5779 1128.30 13.2391 34.3938 163.026
1955 44.1477 1157.08 12.1713 31.5801 165.931
1956 44.7398 1207.47 10.9076 32.6729 168.903
1957 45.8818 1249.25 13.5831 33.3275 171.984
1958 46.8850 1281.97 15.5830 35.6370 174.882
1959 47.7848 1300.06 16.3274 35.1818 177.830
1960 49.3268 1335.40 16.6308 34.3927 180.671
1961 51.4686 1367.40 18.7960 37.0781 183.691
1962 54.0054 1392.10 22.3722 38.5617 186.538
1963 55.4005 1428.97 22.1709 40.3094 189.242
1964 57.0960 1469.18 23.5741 39.8519 191.889
1965 59.1007 1514.67 26.7136 39.2350 194.303
1966 64.7287 1571.29 31.9403 42.1485 196.560
1967 69.7831 1634.00 36.9684 47.4447 198.712
1968 72.9681 1683.23 41.2682 49.3801 200.706
1969 76.0057 1736.83 41.8581 45.8648 202.677
1970 79.4572 1791.37 39.0394 41.6817 204.879
1971 82.9184 1831.98 35.3395 43.7059 207.049
