VOLUME RENT BINARY DIGITS WORDS ADD MULT ACCESS YEAR ORDER IBMDUM
  8   7.20   4   10    4       1700     10800    8500    54     1   0
  3   3.00   1   33    2.0     2000     35000    8000    54     2   0
 10   6.00   4   10    2.0      700      7300    2400    54     3   1
 17  17.50   1   36    4         60       444      12    54     4   1
 12   4.63   1   42    1.0     6000     17000   12500    54     5   0
  9  35.0    1   36   10         60       410       8    54     6   0
 23   2.00   4   20    0.1   120000    540000   15000    54     7   0
  0   7.20   4   10    4       1700     10800    8500    55     8   0
  0   3.00   1   33    2.0     2000     35000    8000    55     9   0
  0   6.00   4   10    2.0      700      7300    2400    55    10   1
  3   2.50   1   23    2.1      540      9500   14500    55    11   0
  5   1.5    4   12    0.2    50000    250000    8500    55    12   0
  4   5.00   1   33    6       1000     17000    8000    55    13   0
  1  30.00   7    1   20        102      1054      17    55    14   1
  4   2.30   4   20    0.3   120000    540000   18000    55    15   0
 12   4.00   4   10    1.0     2000     20000    8300    55    16   0
  0   2.50   1   28    2.1      540      9500   14500    56    17   0
  0   1.50   4   12     .2    50000    250000    8500    56    18   0
  0   5.00   1   33    6       1000     17000    8000    56    19   0
  0   2.30   4   20     .3   120000    540000   18000    56    20   0
  0   4.00   4   10    1       2000     20000    8300    56    21   0
 20   2.00   1   32    4       2260     19000    8500    56    22   0
  0  32.00   1   36    8         24       240      12    56    23   1
 31  30.00   7    1   40        102      1054      17    56    24   1
  3   4.80   4   10    4.0     2500     30000   17000    56    25   0
 17   5.50   4   10    4.0     2000     20000    8300    56    26   0
  5  12.6    4   12   15.0     8600     23800   17000    56    27   0
  0   2.00   1   32    4.0     2260     19000    8500    57    28   0
  0  32.00   1   36    8.0       24       240      12    57    29   1
  0  30.00   7    1   40.0      102      1054      17    57    30   1
  0   4.80   4   10    4.0     2500     30000   17000    57    31   0
  0   5.50   4   10    4.0     2000     20000    8300    57    32   0
 15  12.60   4   12   15.0     8600     23800   17000    57    33   0
  0   1.30   4   12     .2    50000    250000    8500    57    34   0
  0  38.00   7    1   60.00      87       606       9.3  57    35   1
 37  25.00   4   12   10        160      1720      10    57    36   0
175   1.30   4   12     .2    50000    250000    3500    58    37   0
  0  38      7    1   60         87       606       9.3  58    38   1
  0  25      4   12   10        160      1720      10    58    39   0
  3   3.2    1   40    4.1     1350     12400    9000    58    40   0
  4  14      4   10.1  6        185      2900      10    58    41   0
 12  40      1   36   18         24       120      12    58    42   1
  8    .30   1   62     .015  12000     81000   12500    58    43   0
  1  40      1   48   16         15        70       4    58    44   0
  1   8      4   10    4        510      1275     425    58    45   0
  0   3.20   1   40    4.1     1350     12400    9000    59    46   0
  0  14      4   10    6        185      2900      10    59    47   0
  0  40      1   36   18         24       120      12    59    48   1
  0    .30   1   62     .015  12000     81000   12500    59    49   0
  0  40      1   48   16         15        70       4    59    50   0
  0   8      4   10    4        510      1275     425    59    51   0
  1  14      4    6    8         64       550      32    59    52   0
  2  64      1   36   32          4        17       2    59    53   1
 10  15      1    7  140        300      4000      15    59    54   0
  3  14      4   60    3.6      600      2820      60    59    55   0
 11    .68   4   18     .1    60000    200000    7500    60    56   0
 21   3.70   1   12    4.1       13      1000       6.4  60    57   0
 10  30      1   48   16.4        7        45       4.8  60    58   0
  3  26      1   48   32         24       162       2.1  60    59   0
 75   4.50   7    1    8        230      2100      11.5  60    60   1
100   3.30   4    1   40        560      4960      20    60    61   1
 30  21.30   4   10   10         72       924       6    60    62   1
 30    .70   1   32    1       9000     34000    6000    60    63   0
  3   2.70   1   22    2.3      108       372    1540    60    64   0
 11  35      1   48   20          4        35       4    60    65   0
 24   2      1   40    4.1     9440     19700    8900    61    66   0
 10  17      1   33    8         27        70       8.4  61    67   0
  6   4.2    7    1    9.6      740      2250      10    61    68   0
120   4.50   1   12   16         13       120       6.4  61    69   0
 38   8      1   20    8         36       162      18    61    70   0
 39   2.10   1   32    8        250     17000    8500    61    71   0
  1   8.50   1   48    2.5      111      1591       9.25 61    72   0
  3  11      7    1   45        110      1200       4.5  61    73   1
  2 160      1   64  220          1.5       2.7     2    61    74   1
  3  25      1   18   65.5       24       390       6    61    75   0
 47   6      7    1   20        273      8400       7    61    76   0
  2  26      1   30   24          7        30       4.8  61    77   0
  7   5      1   21    4          6        50       2    62    78   0
 10   5      7    1    9.6      740      2250      10    62    79   0
  5   2      1   18    4         16       100       8    62    80   0
  3   1      1   32    4       7260     51200   25600    62    81   0
  1  70      1   36   32.8        2.8       3.8     1.05 62    82   1
 32   6.8    4   12   10         42        97       6    62    83   0
  1  35      1    6  161         10        14       1.1  62    84   0
  8   2.19   1   24    4         16       248       8    62    85   0
  2   3      1   24    4         16        32       8    62    86   0
  2  20      4    6   20          8        85       1.1  62    87   0
  1  45      1   36   65          4        12       1.8  62    88   0
  1   3.50   1   21    4          4        30       2    63    89   0
 22  16.20   1   48   12          9        30       3    63    90   0
  4   6      1   24    8         10        30       3    63    91   0
  9  52      1   48  130          2         4.3     1.5  63    92   0
  4   1.80   1   12    2         18       150       6    63    93   0
360   1.80   4    1   10        100      1300      12    63    94   1
  8   5.50   1   20    8         72       198      36    63    95   0
110   6      7    1   16        108      1100       6    63    96   1
  6  18.50   4    6   60         22        60       2.4  63    97   1
 19  14      1   36   32         16        26       4    63    98   1
 12  26      1   36   32          5        10       1.25 63    99   1
  9   7      4    6   16         39       300       3    63   100   0
  6  46      1   48   32           .55      4.3     1.5  63   101   0
550   1.5    4    5    1        112      2510       8    63   102   0
  8   7.20   4    5   12         31        42       4.5  63   103   0
 15  12      1   24   20          2        10        .6  64   104   0
  2  12      1   48   24          3        22        .7  64   105   0
  1  75      1   60   64           .4       1        .5  64   106   0
  1  12      1   12   48          2.7      12       4.3  64   107   0
  2   3.30   1   18    8          3.5       6       1.75 64   108   0
  5   2.90   1   20    8         72       198      36    64   109   0
 28  10.90   1   20   10         12        30       6    64   110   0
 22   6.60   1   24   32         17       390       5.8  64   111   0
 10   8.50   1   24   32         16       362       5.1  64   112   0
  2  10.5    1   24   32          9       250       2.7  64   113   0
  1  45      1   36  150          2.7       5.9     1    64   114   0
190   5      4    6   12         44       600       2    64   115   0
  8  14      1   48   32         78       320       6.5  64   116   0
  5  30      1   48   32          8        12       2    64   117   0
 10  12      2    6   80         12        26       1.5  64   118   0
  7   3.50   1   24    4          3         9       3    64   119   0
 10   4.50   1   24    8          4         8       1.8  64   120   0
  1   7      1   24   12          2         7       1.8  64   121   0
  2   3      1   24    6          4        10       1.9  65   122   0
  5   2.50   1   24    6          4        32       1.9  65   123   0
 15   6.80   1   24    8          3.8       6.45     .8  65   124   0
 40   7.35   1   24   18          4        13       1    65   125   0
 95   1      1   12    4          3.2      15       1.6  65   126   0
 10  41      1   36  150          3         6       2    65   127   0
  2   1.80   1    8    2        180       315       3.6  65   128   1
400   7.20   1    8   32.8       39       313       1.5  65   129   1
350  14.50   1    8  131.1       12        85       1    65   130   1
 12  28      1    8  262.1        4        29       1    65   131   1
  1  46      1    8  524.3        1         3        .5  65   132   1
  2    .85   1   16    8       8000     25700    3600    65   133   1
 70   1      4   24     .4     9900     12500      22.5  65   134   0
  5   2.6    4    8    6         62       200       2    65   135   0
  6   6      4   32   16         37       197       1.5  65   136   0
  2   3.20   1   24    4          1         3       2    65   137   0
