POIL FRBIND CPI -- FOR THE DECEMBER 1977 THRU DECEMBER 1987 TIME
PERIOD - NOTE:  THERE ARE 121 OBSERVATIONS, NOT 120!
 7.93 126.5 166.3
 7.90 125.9 166.7
 7.87 127.6 167.1
 7.79 128.3 167.5
 7.86 128.7 168.2
 7.89 129.7 169.2
 7.99 129.8 170.1
 8.04 130.7 171.1
 8.03 131.3 171.9
 8.39 130.6 172.6
 8.46 130.2 173.3
 8.62 131.5 173.8
 8.62 133.0 174.5
 8.50 132.3 175.3
 8.57 133.3 177.1
 8.45 135.3 178.2
 8.40 136.1 179.6
 8.49 137.0 180.6
 8.44 137.8 181.8
 8.48 138.7 182.6
 8.62 138.1 183.3
 8.63 138.5 184.0
 8.72 138.9 184.5
 8.72 139.3 185.4
 8.77 139.7 186.1
 8.68 138.8 187.2
 8.84 139.2 188.4
 8.80 140.9 189.8
 8.82 143.2 191.5
 8.81 143.9 193.3
 9.05 144.9 195.3
 8.96 146.1 196.7
 8.05 147.1 197.8
 9.15 147.8 199.3
 9.17 148.6 200.9
 9.20 149.5 202.0
 9.47 150.4 203.3
 9.46 152.0 204.7
 9.69 152.5 207.1
 9.83 153.5 209.1
10.33 151.1 211.5
10.71 152.7 214.1
11.70 153.0 216.6
13.39 153.0 218.9
14.00 152.1 221.1
14.57 152.7 223.4
15.11 152.7 225.4
15.52 152.3 227.5
17.03 152.5 229.9
17.86 152.7 233.2
18.81 152.6 236.4
19.34 152.1 239.8
20.29 148.3 242.5
21.01 144.0 244.9
21.53 141.5 247.6
22.26 140.4 247.8
22.63 141.8 249.4
22.59 143.9 251.7
23.23 146.5 253.9
23.92 148.5 256.2
25.80 150.0 258.4
28.85 151.4 260.5
34.10 151.8 263.2
34.70 152.1 265.1
34.05 151.9 266.8
32.71 152.7 269.0
31.71 152.9 271.3
31.13 153.9 274.4
31.13 153.6 276.5
31.13 151.6 279.3
31.00 149.1 279.9
30.98 146.3 280.7
30.72 143.4 281.5
30.87 140.7 282.5
29.76 142.9 283.4
28.31 141.7 283.1
27.65 140.2 284.3
27.67 139.2 287.1
28.11 138.7 290.6
28.33 138.8 292.6
28.18 138.4 292.8
27.99 137.3 293.3
28.74 135.8 294.1
28.70 134.8 293.6
28.12 134.7 292.4
27.22 137.4 293.1
26.41 138.1 293.2
26.08 140.0 293.4
25.85 142.6 295.5
26.08 144.4 297.1
25.98 146.4 298.1
25.86 149.7 299.3
26.03 151.8 300.3
26.08 153.8 301.8
26.04 155.0 302.6
26.09 155.3 303.1
25.88 156.2 303.5
25.93 158.5 305.4
26.06 160.0 606.6
26.05 160.8 607.3
25.93 162.1 308.8
26.00 162.8 309.7
26.09 164.4 310.7
26.11 165.9 311.7
26.02 166.0 313.0
25.97 165.0 314.5
25.92 164.5 315.3
25.44 165.2 315.3
25.05 166.2 315.5
24.28 165.6 316.1
23.63 165.7 317.4
23.88 166.1 318.8
24.15 166.2 320.1
24.18 166.2 321.3
24.03 166.5 322.3
24.00 166.2 322.8
23.92 167.7 323.5
23.93 167.6 324.5
24.06 166.6 325.5
24.31 167.6 326.6
24.53 168.8 327.4
23.12 169.6 328.4
17.65 168.4 327.5
12.62 166.1 326.0
10.68 167.6 325.3
10.75 166.9 326.3
10.68 166.9 327.9
 9.25 167.9 328.0
 9.77 168.1 328.6
11.09 167.9 330.2
11.00 168.4 330.5
11.05 169.3 330.8
11.75 170.2 331.1
13.89 169.6 333.1
14.50 170.8 334.4
14.53 171.2 335.9
14.95 171.2 337.7
15.29 172.3 338.7
15.95 173.5 340.1
16.88 175.5 340.8
17.06 176.3 342.7
16.29 176.1 344.4
15.95 178.1 345.3
15.46 179.0 345.8
14.27 180.0 345.7
