BOISE - JANUARY 1978 THRU DECEMBER 1987
-0.079
 0.013
 0.070
 0.120
 0.071
-0.098
 0.140
 0.078
-0.059
-0.118
-0.060
 0.067
 0.168
-0.032
 0.178
-0.043
-0.026
 0.057
 0.047
 0.038
 0.050
-0.151
-0.004
 0.042
 0.107
-0.070
-0.138
 0.042
 0.109
 0.068
 0.073
-0.045
 0.019
-0.054
 0.028
-0.047
 0.011
 0.152
 0.056
 0.045
 0.032
-0.037
-0.065
-0.125
-0.062
 0.016
 0.092
-0.029
-0.084
-0.159
 0.108
-0.009
-0.189
-0.044
 0.006
 0.379
-0.109
 0.314
 0.145
-0.001
-0.045
 0.037
 0.113
 0.082
-0.014
-0.130
-0.087
 0.060
 0.102
-0.052
 0.147
-0.012
-0.054
-0.088
 0.079
 0.012
-0.172
 0.025
 0.015
 0.177
-0.056
 0.053
-0.038
 0.068
 0.046
-0.059
-0.029
 0.010
 0.158
 0.086
-0.026
 0.011
-0.095
-0.035
 0.088
 0.064
 0.032
 0.093
 0.066
-0.013
 0.072
-0.013
-0.060
 0.115
-0.052
 0.059
 0.023
-0.027
 0.276
-0.008
 0.071
-0.037
-0.111
 0.063
 0.064
 0.061
-0.029
-0.274
 0.043
 0.142
