CITCRP - JANUARY 1978 THRU DECEMBER 1987
-0.115
-0.019
 0.059
 0.127
 0.005
 0.007
 0.032
 0.088
 0.011
-0.071
-0.005
-0.019
 0.043
-0.082
 0.026
 0.000
 0.022
 0.095
-0.075
 0.065
-0.017
-0.125
 0.030
 0.113
-0.079
-0.080
-0.069
 0.048
 0.104
 0.058
-0.023
 0.029
-0.068
-0.049
 0.123
 0.131
-0.062
-0.005
 0.045
 0.086
 0.099
-0.013
-0.019
-0.108
 0.032
 0.052
 0.045
-0.028
 0.035
 0.000
 0.007
 0.101
-0.101
-0.003
-0.025
 0.077
 0.059
 0.318
 0.007
-0.098
 0.085
 0.039
 0.132
 0.104
-0.102
-0.016
-0.079
-0.007
 0.006
-0.118
 0.162
 0.023
 0.024
-0.039
-0.054
-0.004
-0.148
 0.078
-0.029
 0.164
 0.076
-0.027
 0.000
 0.098
 0.097
-0.015
 0.046
 0.012
 0.094
 0.043
-0.030
-0.063
-0.085
 0.090
 0.062
 0.065
 0.005
 0.101
 0.153
-0.042
 0.038
-0.036
-0.117
 0.082
-0.111
 0.040
 0.010
 0.019
 0.087
-0.066
-0.052
 0.070
 0.052
 0.051
 0.041
 0.033
-0.086
-0.282
-0.136
 0.064
