CONED - JANUARY 1978 THRU DECEMBER 1987
-0.079
-0.003
 0.022
-0.005
-0.014
 0.034
 0.011
 0.024
 0.048
-0.067
 0.035
 0.005
 0.076
-0.011
 0.000
-0.057
 0.032
 0.066
 0.015
-0.021
 0.000
-0.049
 0.109
 0.005
-0.039
-0.061
 0.006
 0.140
 0.043
 0.040
-0.027
-0.005
-0.010
-0.021
-0.035
 0.131
-0.015
-0.021
 0.151
 0.061
 0.017
 0.022
 0.026
 0.021
-0.013
 0.112
 0.038
-0.008
 0.042
 0.036
 0.022
 0.050
 0.016
-0.024
-0.032
 0.133
 0.039
-0.050
-0.011
 0.123
-0.012
 0.060
 0.048
 0.045
-0.012
 0.000
 0.017
-0.023
 0.087
 0.101
-0.025
 0.005
 0.005
-0.069
 0.055
 0.031
 0.021
 0.020
 0.054
 0.029
 0.051
 0.019
 0.004
 0.084
-0.021
 0.034
 0.057
 0.019
 0.098
 0.046
-0.084
 0.043
-0.032
 0.066
 0.032
 0.082
 0.022
 0.048
 0.021
-0.006
 0.042
 0.017
 0.125
 0.061
-0.139
 0.045
 0.070
-0.046
 0.040
-0.067
-0.050
 0.020
-0.012
 0.059
-0.039
 0.043
-0.006
-0.017
-0.012
-0.006
