CONTIL - JANUARY 1978 THRU DECEMBER 1987
-0.129
 0.037
 0.003
 0.180
 0.061
-0.059
 0.066
 0.033
-0.013
-0.123
-0.038
 0.047
-0.024
-0.020
 0.043
 0.064
 0.005
 0.092
-0.034
 0.058
-0.033
-0.136
 0.081
 0.104
-0.103
-0.087
 0.085
 0.074
 0.023
 0.064
-0.034
-0.018
 0.034
 0.035
-0.017
 0.103
 0.040
 0.069
 0.024
-0.025
 0.117
 0.077
-0.092
-0.030
 0.003
 0.049
 0.010
-0.106
 0.102
-0.175
-0.017
-0.013
-0.091
-0.096
-0.303
 0.070
 0.058
 0.268
-0.106
 0.037
 0.049
-0.035
 0.097
 0.073
 0.000
-0.068
 0.046
 0.055
-0.026
-0.088
 0.096
-0.016
-0.034
-0.101
-0.033
-0.231
-0.600
 0.000
-0.205
 0.086
 0.974
-0.232
-0.023
 0.095
 0.587
-0.096
 0.030
-0.029
-0.091
-0.050
 0.018
-0.052
 0.036
 0.105
 0.048
 0.197
 0.000
-0.051
-0.040
-0.097
-0.046
-0.161
-0.038
-0.040
 0.021
 0.000
-0.143
 0.028
 0.093
-0.064
-0.087
-0.025
 0.000
 0.081
 0.071
-0.044
 0.004
-0.372
-0.148
 0.050
