DATGEN - JANUARY 1978 THRU DECEMBER 1987
-0.084
-0.097
 0.063
 0.179
 0.052
-0.023
 0.143
 0.026
-0.031
-0.085
 0.044
 0.034
-0.008
-0.015
 0.171
 0.009
-0.045
 0.019
-0.059
 0.078
-0.031
-0.246
 0.062
 0.021
 0.157
 0.043
-0.094
 0.027
-0.043
 0.108
 0.212
 0.058
-0.136
 0.007
 0.000
-0.098
-0.231
-0.072
 0.184
 0.088
 0.112
-0.178
 0.007
-0.191
 0.089
 0.094
 0.093
-0.083
-0.002
-0.152
-0.302
 0.047
-0.180
-0.060
-0.054
 0.216
-0.165
 0.528
 0.003
 0.053
 0.208
 0.237
 0.040
 0.079
-0.114
-0.042
 0.173
 0.053
 0.090
-0.069
-0.014
 0.068
 0.117
 0.027
 0.056
 0.089
-0.094
 0.056
-0.061
 0.312
-0.132
 0.047
 0.019
 0.096
 0.215
-0.210
-0.195
-0.157
-0.078
 0.060
 0.043
-0.006
 0.000
 0.032
 0.109
 0.023
-0.055
-0.044
-0.043
 0.061
-0.015
-0.155
-0.072
 0.167
-0.240
 0.105
 0.020
-0.078
 0.135
 0.045
-0.096
-0.020
 0.161
-0.145
 0.057
-0.008
 0.015
-0.342
-0.075
 0.181
