DEC - JANUARY 1978 THRU DECEMBER 1987
-0.100
-0.063
 0.010
 0.165
 0.038
-0.021
 0.107
-0.017
-0.037
-0.077
 0.064
 0.117
-0.012
-0.066
 0.088
 0.005
-0.028
 0.059
 0.009
 0.140
-0.027
-0.010
 0.095
 0.018
 0.058
 0.034
-0.182
 0.047
 0.016
 0.021
 0.183
 0.081
 0.045
-0.028
 0.056
 0.035
-0.089
 0.006
 0.075
 0.075
 0.107
-0.112
-0.014
-0.065
-0.019
 0.102
-0.065
-0.060
 0.027
-0.049
-0.104
 0.054
-0.056
-0.073
-0.055
 0.273
-0.061
 0.133
 0.175
-0.052
 0.225
-0.010
 0.034
-0.060
-0.052
 0.075
-0.142
 0.007
-0.005
-0.364
 0.065
 0.034
 0.208
-0.024
 0.057
 0.053
-0.071
-0.043
-0.009
 0.159
-0.025
 0.093
 0.006
 0.070
 0.084
-0.067
-0.071
-0.050
 0.057
-0.101
 0.080
 0.032
 0.036
 0.040
 0.073
 0.095
 0.162
 0.093
-0.063
 0.119
 0.037
-0.063
 0.066
 0.105
-0.110
 0.103
 0.048
 0.008
 0.385
 0.056
 0.061
 0.055
-0.082
 0.041
 0.000
 0.157
 0.001
-0.281
-0.127
 0.134
