DELTA - JANUARY 1978 THRU DECEMBER 1987
-0.028
-0.033
 0.070
 0.150
-0.031
 0.023
 0.185
-0.021
-0.081
-0.153
 0.055
-0.023
-0.054
-0.060
 0.098
-0.056
 0.063
-0.006
 0.075
 0.021
-0.026
-0.147
 0.063
 0.020
 0.022
-0.093
-0.031
-0.018
 0.144
 0.010
 0.283
-0.056
-0.053
 0.046
 0.220
 0.040
 0.112
 0.031
 0.024
 0.062
 0.105
-0.114
-0.094
-0.072
-0.013
-0.072
-0.032
-0.062
 0.056
 0.145
 0.038
-0.025
 0.042
 0.106
-0.118
 0.055
-0.139
 0.171
 0.289
 0.093
 0.040
 0.027
-0.016
-0.043
-0.045
 0.012
-0.259
 0.080
 0.041
 0.039
 0.120
-0.028
-0.013
-0.117
 0.065
-0.085
-0.070
-0.012
 0.045
 0.040
 0.008
 0.161
-0.026
 0.156
-0.010
 0.087
-0.003
-0.123
 0.179
 0.021
 0.008
-0.066
-0.112
-0.083
 0.020
 0.030
 0.122
-0.055
 0.076
 0.059
-0.043
-0.070
 0.018
 0.018
 0.026
 0.134
-0.018
-0.010
 0.161
 0.133
-0.129
-0.121
 0.151
 0.014
 0.043
-0.037
-0.067
-0.260
-0.137
 0.121
