DATE GPU MARK76 RKFR76 DOW DUPONT  -  ALL FROM 1/76 THRU 12/85
7601  0.05412   0.156 .00369    0.18281   0.24506
7602 -0.01429   0.069 .00369    0.02307  -0.02698
7603  0.01449   0.010 .00390   -0.02570  -0.04105
7604 -0.01886  -0.012 .00383   -0.00116   0.03425
7605 -0.01493   0.005 .00415   -0.08140   0.00911
7606  0.01515   0.016 .00431   -0.01772  -0.07692
7607  0.05493  -0.017 .00416   -0.02591  -0.01254
7608  0.05797  -0.016 .00389   -0.04255  -0.05626
7609  0.04110   0.007 .00412   -0.00556  -0.01748
7610 -0.01737  -0.029 .00386   -0.01966   0.02174
7611  0.00685   0.000 .00355   -0.10602  -0.03578
7612  0.06122   0.111 .00345    0.11859   0.09969
7701  0.02154   0.015 .00372   -0.11816  -0.04255
7702 -0.05769  -0.012 .00362   -0.03595  -0.00676
7703  0.02041   0.008 .00367    0.02712  -0.01179
7704  0.02240   0.004 .00359   -0.01329  -0.00099
7705  0.04000  -0.005 .00394   -0.05387  -0.04577
7706  0.02564   0.070 .00400   -0.01993  -0.02213
7707  0.02824  -0.002 .00435   -0.07692   0.02263
7708  0.02659  -0.023 .00445   -0.01984  -0.04215
7709  0.02424   0.008 .00476    0.01781  -0.02225
7710 -0.03243  -0.051 .00473   -0.07229   0.02389
7711  0.04375   0.083 .00450   -0.06494   0.06444
7712  0.00000   0.039 .00467    0.00185   0.02229
7801 -0.06874  -0.045 .00487   -0.04673  -0.11319
7802  0.01974   0.010 .00494   -0.11765  -0.07260
7803  0.02581   0.050 .00526    0.05778   0.03453
7804 -0.00931   0.063 .00491    0.14362   0.15451
7805 -0.03247   0.067 .00513   -0.04651   0.00000
7806 -0.00671   0.007 .00527   -0.02732  -0.03030
7807  0.04405   0.071 .00528    0.07107   0.07813
7808 -0.04636   0.079 .00607    0.04265   0.03727
7809  0.03472   0.002 .00645    0.04000   0.03024
7810 -0.07651  -0.189 .00685   -0.07522  -0.06067
7811  0.04478   0.084 .00719    0.00478   0.05000
7812  0.00000   0.015 .00690   -0.03905   0.02857
7901  0.05429   0.058 .00761    0.07035   0.06151
7902 -0.05556   0.011 .00761   -0.04225  -0.02150
7903 -0.04412   0.123 .00769    0.11176   0.09082
7904 -0.33077   0.026 .00764   -0.07143  -0.06200
7905 -0.17241   0.014 .00772   -0.01923  -0.03305
7906  0.15714   0.075 .00715    0.02843  -0.02174
7907 -0.01235  -0.013 .00728    0.08213  -0.00909
7908  0.00000   0.095 .00789    0.09375   0.07034
7909 -0.07692   0.039 .00802    0.07837  -0.02312
7910 -0.08333  -0.097 .00913   -0.08812  -0.08284
7911  0.00000   0.116 .00819    0.07563   0.06452
7912  0.07813   0.086 .00747    0.01641   0.00937
8001 -0.05797   0.124 .00883    0.06226   0.00929
8002 -0.24615   0.112 .01073    0.02564  -0.05521
8003 -0.30612  -0.243 .01181   -0.09571  -0.08882
8004  0.38235   0.080 .00753    0.04000   0.05415
8005  0.06383   0.062 .00630    0.05385   0.09247
8006 -0.06000   0.086 .00503   -0.00657   0.06349
8007  0.08511   0.065 .00602    0.08550   0.02687
8008 -0.19608   0.025 .00731   -0.04452   0.05233
8009  0.02439   0.015 .00860   -0.00645   0.00838
8010 -0.09524   0.006 .00895   -0.05109  -0.11911
8011 -0.05263   0.092 .01137    0.06154   0.07547
8012  0.11111  -0.056 .00977   -0.05580   0.01205
8101 -0.15000  -0.014 .01092    0.06615   0.08036
8102  0.05882  -0.009 .01096    0.07664   0.08760
8103 -0.08333   0.067 .01025    0.04949   0.01538
8104  0.15152  -0.008 .01084   -0.09150   0.00505
8105  0.00000   0.064 .01255   -0.07194  -0.00050
8106  0.10526  -0.003 .01128    0.04109   0.08142
8107 -0.07143  -0.033 .01154   -0.05660  -0.14353
8108 -0.05128  -0.031 .01169   -0.12000  -0.09396
8109  0.05405  -0.164 .01054   -0.10182  -0.06154
8110  0.10256   0.062 .01003    0.06701   0.06230
8111  0.18605   0.069 .00816    0.00966   0.01420
8112  0.05882  -0.039 .00740    0.02201  -0.07165
8201 -0.12963  -0.079 .00949   -0.07619  -0.02685
8202 -0.17021  -0.101 .00946   -0.10825   0.00276
8203 -0.05128  -0.028 .01067    0.09595  -0.06643
8204  0.13514   0.041 .00972   -0.02151   0.05993
8205 -0.04762   0.003 .00908   -0.05495  -0.02898
8206 -0.02500  -0.078 .00914   -0.01395  -0.02222
8207  0.10256  -0.006 .00714   -0.02410  -0.08333
8208  0.09302   0.122 .00503    0.22222   0.17273
8209 -0.02128   0.008 .00563   -0.06566  -0.01075
8210  0.10870   0.136 .00620    0.13297   0.11594
8211 -0.01961   0.049 .00614    0.01942  -0.00714
8212  0.08000   0.014 .00648    0.00286  -0.04651
8301  0.18519   0.065 .00646    0.11111   0.11498
8302 -0.03125   0.028 .00599    0.07826   0.01500
8303  0.00000   0.043 .00686   -0.09839   0.04062
8304  0.16129   0.097 .00652    0.20455   0.12613
8305  0.02778   0.080 .00649    0.00000   0.04747
8306 -0.01351   0.048 .00673    0.01736  -0.01546
8307 -0.04110  -0.017 .00714    0.01128   0.00524
8308  0.00000  -0.034 .00668    0.10037   0.10625
8309 -0.07143   0.000 .00702   -0.00135  -0.01190
8310 -0.07692  -0.082 .00678   -0.05479  -0.00723
8311  0.06667   0.066 .00683   -0.05072   0.06214
8312 -0.03125  -0.012 .00693    0.03282  -0.03704
8401 -0.01613  -0.029 .00712   -0.05243  -0.04327
8402  0.03279  -0.030 .00672   -0.11462  -0.03367
8403  0.04762   0.003 .00763    0.15000   0.03958
8404 -0.01515  -0.003 .00741    0.01969   0.02538
8405  0.07692  -0.058 .00627   -0.12355  -0.05545
8406  0.02857   0.005 .00748    0.00264  -0.02926
8407  0.08333  -0.058 .00771    0.01339  -0.03014
8408  0.02564   0.146 .00852    0.10132   0.14689
8409  0.01250   0.000 .00830   -0.08160  -0.00750
8410  0.08642  -0.035 .00688    0.02655  -0.05542
8411  0.02273  -0.019 .00602   -0.00862   0.00800
8412  0.02222  -0.001 .00612   -0.02783   0.06452
8501  0.00000   0.097 .00606    0.07727   0.04293
8502  0.08696   0.012 .00586    0.00844   0.03148
8503 -0.04000   0.008 .00650   -0.01423  -0.01190
8504 -0.01042  -0.010 .00601    0.03448   0.06988
8505  0.17895   0.019 .00512    0.13333   0.10135
8506  0.00893  -0.003 .00536    0.06471  -0.03727
8507 -0.06195   0.012 .00562    0.03147   0.03011
8508  0.08491   0.005 .00545   -0.02712  -0.02296
8509 -0.04348  -0.055 .00571   -0.02927  -0.00649
8510  0.14545   0.026 .00577    0.06182   0.08497
8511  0.03175   0.059 .00540    0.06507   0.03012
8512  0.04615   0.013 .00479    0.06624   0.07101

DATE1 CONOCO - ONLY 69 OBSERVATIONS, 1/76 THRU 9/81
7601  0.11499
7602 -0.05525
7603  0.06876
7604  0.00551
7605  0.02523
7606  0.10432
7607 -0.04235
7608  0.01497
7609  0.04054
7610 -0.05065
7611  0.00690
7612  0.02740
7701 -0.03667
7702 -0.01246
7703 -0.01413
7704  0.03943
7705 -0.09034
7706  0.03831
7707 -0.06273
7708 -0.05197
7709 -0.00420
7710 -0.04219
7711  0.05198
7712  0.01695
7801 -0.11250
7802  0.01315
7803  0.00469
7804  0.05607
7805  0.04779
7806 -0.09829
7807 -0.01422
7808  0.09519
7809  0.04889
7810 -0.13136
7811  0.02927
7812  0.08173
7901  0.06667
7902  0.02500
7903  0.12757
7904  0.00000
7905  0.00511
7906  0.11397
7907  0.01980
7908  0.04660
7909  0.09375
7910 -0.03429
7911  0.07041
7912  0.05587
8001  0.12434
8002  0.01600
8003 -0.16589
8004  0.05602
8005  0.05146
8006  0.07398
8007  0.02138
8008 -0.02233
8009  0.05288
8010  0.08082
8011  0.23881
8012 -0.09983
8101 -0.08222
8102 -0.00792
8103 -0.03822
8104 -0.12583
8105  0.05606
8106  0.26877
8107  0.39313
8108 -0.08603
8109 -0.22356
