GENMIL - JANUARY 1978 THRU DECEMBER 1987
-0.099
 0.018
-0.023
 0.046
 0.063
 0.008
 0.075
-0.051
-0.012
-0.032
 0.009
 0.022
-0.032
-0.079
-0.043
 0.022
 0.035
-0.043
-0.013
 0.138
-0.032
-0.067
 0.005
 0.005
 0.003
-0.096
 0.011
 0.059
 0.180
-0.013
 0.012
 0.018
-0.013
-0.073
-0.030
 0.102
 0.079
 0.013
 0.146
 0.019
 0.030
 0.094
-0.045
-0.031
 0.036
 0.067
-0.030
-0.024
-0.030
 0.098
 0.020
 0.076
-0.027
 0.050
 0.038
 0.032
 0.000
 0.160
-0.025
-0.020
-0.039
 0.067
 0.061
 0.066
 0.023
-0.026
-0.072
-0.010
-0.037
 0.116
-0.014
-0.009
-0.009
-0.073
-0.018
 0.065
 0.018
 0.055
-0.018
 0.061
 0.011
-0.010
-0.072
 0.017
 0.095
 0.000
 0.054
-0.083
 0.137
 0.060
-0.099
 0.002
 0.081
 0.013
 0.114
 0.027
 0.019
 0.121
 0.072
-0.051
 0.109
 0.071
 0.049
 0.003
-0.088
 0.123
 0.011
-0.034
 0.123
 0.049
 0.010
-0.104
 0.190
 0.030
 0.036
 0.022
-0.009
-0.148
-0.102
 0.128
