GERBER - JANUARY 1978 THRU DECEMBER 1987
-0.048
 0.160
-0.036
 0.004
 0.046
 0.028
-0.012
-0.079
 0.104
-0.138
 0.078
-0.086
 0.042
-0.023
 0.065
-0.088
-0.023
 0.095
-0.096
 0.148
-0.009
-0.090
-0.014
-0.036
 0.048
-0.004
-0.237
 0.027
 0.233
 0.011
 0.005
-0.008
 0.066
 0.026
 0.023
 0.070
 0.056
-0.020
 0.023
 0.031
 0.008
 0.066
 0.021
 0.031
 0.000
-0.012
 0.011
-0.077
-0.004
-0.111
 0.136
 0.044
 0.043
-0.033
 0.019
 0.130
 0.209
-0.009
-0.072
 0.015
 0.015
 0.024
 0.084
 0.119
 0.016
 0.114
-0.007
 0.062
 0.049
 0.000
 0.077
 0.063
 0.065
-0.091
-0.003
-0.025
-0.087
 0.105
-0.112
 0.018
 0.165
-0.160
 0.094
-0.005
 0.091
 0.006
 0.130
-0.037
 0.234
-0.031
-0.036
 0.025
-0.048
 0.097
 0.137
 0.063
-0.088
 0.034
 0.174
 0.113
-0.040
-0.038
-0.105
 0.111
 0.037
-0.069
-0.020
-0.060
 0.057
 0.019
 0.040
-0.063
 0.138
 0.005
 0.232
-0.113
-0.061
-0.288
-0.085
 0.070
