IBM - JANUARY 1978 THRU DECEMBER 1987
-0.029
-0.043
-0.063
 0.130
-0.018
-0.004
 0.092
 0.049
-0.051
-0.046
 0.031
 0.108
 0.034
-0.017
 0.052
-0.004
-0.022
-0.035
-0.049
 0.016
-0.032
-0.079
 0.060
-0.013
 0.066
-0.062
-0.122
-0.016
 0.025
 0.061
 0.111
 0.017
-0.021
 0.039
 0.035
-0.004
-0.052
 0.011
-0.029
-0.060
 0.017
-0.015
-0.030
-0.002
-0.018
-0.048
 0.075
 0.044
 0.119
-0.014
-0.034
 0.075
-0.029
-0.014
 0.082
 0.087
 0.041
 0.089
 0.094
 0.113
 0.027
 0.010
 0.028
 0.150
-0.041
 0.081
 0.001
 0.001
 0.062
-0.001
-0.066
 0.039
-0.065
-0.026
 0.034
-0.002
-0.044
-0.019
 0.047
 0.127
 0.004
 0.012
-0.023
 0.011
 0.108
-0.009
-0.052
-0.004
 0.025
-0.038
 0.062
-0.028
-0.022
 0.048
 0.085
 0.113
-0.026
 0.003
 0.004
 0.031
-0.018
-0.039
-0.096
 0.055
-0.031
-0.081
 0.037
-0.056
 0.073
 0.092
 0.076
 0.067
 0.006
 0.016
-0.009
 0.053
-0.105
-0.187
-0.087
 0.043
