MARKET - JANUARY 1978 THRU DECEMBER 1987
-0.045
 0.010
 0.050
 0.063
 0.067
 0.007
 0.071
 0.079
 0.002
-0.189
 0.084
 0.015
 0.058
 0.011
 0.123
 0.026
 0.014
 0.075
-0.013
 0.095
 0.039
-0.097
 0.116
 0.086
 0.124
 0.112
-0.243
 0.080
 0.062
 0.086
 0.065
 0.025
 0.015
 0.006
 0.092
-0.056
-0.014
-0.009
 0.067
-0.008
 0.064
-0.003
-0.033
-0.031
-0.164
 0.062
 0.069
-0.039
-0.079
-0.101
-0.028
 0.041
 0.003
-0.078
-0.006
 0.122
 0.008
 0.136
 0.049
 0.014
 0.065
 0.028
 0.043
 0.097
 0.080
 0.048
-0.017
-0.034
 0.000
-0.082
 0.066
-0.012
-0.029
-0.030
 0.003
-0.003
-0.058
 0.005
-0.058
 0.146
 0.000
-0.035
-0.019
-0.001
 0.097
 0.012
 0.008
-0.010
 0.019
-0.003
 0.012
 0.005
-0.055
 0.026
 0.059
 0.013
-0.009
 0.049
 0.048
-0.009
 0.049
 0.004
-0.076
 0.049
-0.047
 0.018
 0.000
-0.005
 0.148
 0.065
 0.037
-0.025
 0.004
 0.038
 0.055
 0.015
-0.015
-0.260
-0.070
 0.073
