MOBIL - JANUARY 1978 THRU DECEMBER 1987
-0.046
-0.017
 0.049
 0.077
-0.011
-0.043
 0.028
 0.056
 0.064
-0.069
 0.037
 0.041
 0.061
-0.002
 0.029
 0.079
-0.086
 0.088
 0.018
 0.111
 0.180
-0.031
 0.051
 0.063
 0.075
 0.366
-0.176
 0.119
 0.003
-0.024
 0.054
-0.059
 0.007
 0.059
 0.193
-0.081
-0.082
-0.067
-0.042
-0.025
-0.092
 0.053
 0.021
-0.057
-0.106
 0.025
 0.038
-0.090
-0.016
-0.016
-0.038
-0.011
 0.092
-0.038
-0.073
 0.157
 0.043
 0.020
-0.040
 0.069
 0.055
 0.009
 0.095
 0.091
-0.052
 0.077
-0.060
 0.118
-0.050
-0.032
-0.033
 0.009
 0.084
 0.024
-0.028
 0.029
-0.146
 0.010
-0.092
 0.261
 0.013
 0.014
-0.042
-0.052
 0.053
 0.071
 0.000
 0.027
 0.029
-0.032
 0.002
-0.013
 0.004
 0.100
-0.008
-0.040
-0.021
-0.003
-0.026
 0.042
 0.082
 0.012
-0.022
 0.173
 0.053
 0.020
 0.044
 0.019
 0.093
-0.022
 0.124
-0.007
-0.003
 0.091
 0.032
 0.030
-0.082
-0.178
-0.150
 0.159
