MOTOR - JAN 78 THRU DEC 87
 -0.014
 -0.031
  0.121
  0.147
  0.034
  0.000
  0.087
 -0.025
 -0.074
 -0.061
 -0.053
  0.008
 -0.003
 -0.088
  0.067
  0.114
  0.018
  0.056
 -0.033
  0.102
  0.078
 -0.079
  0.034
  0.037
  0.149
 -0.043
 -0.067
 -0.082
 -0.010
  0.023
  0.127
  0.051
  0.120
  0.020
  0.268
 -0.106
 -0.116
 -0.025
  0.155
  0.074
  0.108
 -0.164
 -0.066
 -0.028
  0.006
  0.079
 -0.075
 -0.102
  0.004
 -0.091
  0.091
  0.090
 -0.056
  0.049
  0.082
  0.136
 -0.054
  0.180
  0.066
 -0.018
  0.138
  0.126
 -0.043
  0.016
  0.056
  0.192
 -0.013
 -0.026
  0.078
 -0.064
  0.076
 -0.031
 -0.114
 -0.035
  0.016
  0.026
 -0.129
 -0.046
  0.064
  0.225
 -0.149
 -0.058
 -0.097
  0.081
  0.111
 -0.077
 -0.035
 -0.083
  0.074
  0.047
  0.062
  0.003
 -0.047
 -0.098
  0.137
  0.103
  0.013
  0.108
  0.018
  0.048
  0.024
 -0.157
 -0.066
  0.124
 -0.113
  0.017
  0.010
 -0.058
  0.270
  0.091
  0.089
  0.114
 -0.050
 -0.043
  0.083
  0.124
  0.063
 -0.331
 -0.134
  0.232
