PANAM - JANUARY 1978 THRU DECEMBER 1987
 0.025
-0.073
 0.184
 0.089
 0.082
 0.019
 0.204
 0.031
 0.075
-0.250
 0.000
-0.019
 0.019
-0.130
 0.043
 0.020
-0.060
 0.000
 0.319
-0.065
-0.034
-0.089
-0.098
 0.043
-0.042
-0.109
-0.195
 0.000
 0.121
-0.027
 0.278
-0.043
-0.091
-0.025
 0.026
-0.150
 0.118
-0.079
 0.143
 0.025
 0.122
-0.196
-0.216
-0.069
-0.111
 0.000
 0.167
-0.214
 0.091
-0.042
 0.087
 0.160
 0.000
-0.103
 0.077
-0.036
-0.259
 0.350
 0.074
 0.000
 0.103
 0.406
-0.067
 0.024
 0.186
 0.275
-0.015
-0.047
-0.066
 0.035
 0.119
-0.015
 0.031
-0.179
-0.018
-0.185
-0.045
-0.024
-0.024
 0.000
 0.000
-0.050
-0.026
 0.000
-0.027
-0.028
 0.086
 0.053
 0.350
 0.056
 0.000
 0.088
-0.065
 0.069
 0.016
-0.016
 0.129
-0.029
-0.074
-0.206
 0.060
-0.094
-0.063
 0.022
-0.065
 0.023
 0.023
-0.244
 0.353
-0.152
-0.103
 0.114
 0.000
 0.103
 0.000
-0.093
-0.051
-0.270
 0.185
-0.313
