PSNH - JANUARY 1978 THRU DECEMBER 1987
-0.008
-0.025
 0.026
-0.008
 0.019
 0.032
-0.014
 0.045
 0.061
-0.033
-0.012
-0.031
 0.066
 0.000
-0.037
-0.050
-0.007
 0.084
-0.024
 0.027
-0.040
-0.067
 0.008
-0.068
 0.043
-0.056
-0.051
 0.128
 0.083
 0.038
 0.002
-0.023
-0.054
 0.010
-0.050
 0.018
 0.089
 0.025
 0.008
-0.014
 0.034
 0.041
 0.002
-0.032
-0.033
 0.045
 0.077
-0.056
-0.040
 0.091
 0.017
 0.068
 0.000
-0.048
-0.015
 0.096
 0.032
 0.079
 0.015
 0.022
 0.066
 0.021
 0.041
-0.005
 0.000
-0.087
 0.009
-0.015
 0.069
-0.013
-0.149
-0.193
 0.013
-0.011
-0.227
-0.485
 0.143
-0.050
-0.158
 0.031
 0.000
-0.061
 0.194
-0.189
 0.267
 0.026
-0.077
-0.056
 0.059
 0.222
 0.318
 0.121
-0.046
 0.016
 0.000
 0.063
 0.224
 0.049
 0.023
-0.136
-0.092
 0.101
-0.092
 0.130
-0.179
 0.172
-0.080
-0.029
 0.030
-0.014
-0.029
-0.182
-0.093
-0.245
-0.081
 0.147
-0.256
-0.034
 0.143
-0.375
