RKFREE - JANUARY 1978 THRU DECMBER 1987
.00487
.00494
.00526
.00491
.00513
.00527
.00528
.00607
.00645
.00685
.00719
.00690
.00761
.00761
.00769
.00764
.00772
.00715
.00728
.00789
.00802
.00913
.00819
.00747
.00883
.01073
.01181
.00753
.00630
.00503
.00602
.00731
.00860
.00895
.01137
.00977
.01092
.01096
.01025
.01084
.01255
.01128
.01154
.01169
.01054
.01003
.00816
.00740
.00949
.00946
.01067
.00972
.00908
.00914
.00714
.00503
.00563
.00620
.00614
.00648
.00646
.00599
.00686
.00652
.00649
.00673
.00714
.00668
.00702
.00678
.00683
.00693
.00712
.00672
.00763
.00741
.00627
.00748
.00771
.00852
.00830
.00688
.00602
.00612
.00606
.00586
.00650
.00601
.00512
.00536
.00562
.00545
.00571
.00577
.00540
.00479
.00548
.00523
.00508
.00444
.00469
.00478
.00458
.00343
.00416
.00418
.00420
.00382
.00454
.00437
.00423
.00207
.00438
.00402
.00455
.00460
.00520
.00358
.00288
.00277
