TANDY - JANUARY 1978 THRU DECEMBER 1987
-0.075
-0.004
 0.124
 0.055
 0.176
-0.014
 0.194
 0.222
-0.100
-0.206
 0.086
 0.085
-0.046
-0.135
 0.122
-0.094
-0.148
 0.096
 0.006
 0.250
-0.005
-0.037
 0.170
 0.037
 0.032
 0.143
-0.105
-0.038
 0.256
 0.041
 0.446
 0.167
 0.157
-0.015
 0.212
 0.022
-0.139
 0.082
 0.299
 0.092
 0.136
-0.167
 0.032
-0.063
-0.008
 0.241
-0.037
-0.046
 0.059
-0.101
-0.051
 0.053
-0.163
 0.023
 0.050
 0.017
-0.026
 0.454
 0.273
-0.042
 0.091
 0.032
-0.004
 0.084
-0.010
-0.168
-0.123
-0.048
-0.083
-0.058
 0.082
 0.095
-0.190
-0.100
-0.008
 0.120
-0.231
-0.037
 0.029
 0.079
-0.100
-0.096
 0.027
 0.005
 0.170
 0.119
 0.094
-0.133
 0.091
 0.087
-0.119
 0.063
-0.011
 0.098
 0.021
 0.098
-0.040
 0.096
-0.047
-0.058
 0.094
-0.092
-0.078
 0.018
-0.108
 0.242
 0.094
-0.023
 0.130
 0.174
-0.118
-0.119
-0.026
 0.045
 0.087
 0.027
 0.088
-0.246
-0.190
 0.040
