TEXACO - JANUARY 1978 THRU DECEMBER 1987
-0.054
-0.010
 0.015
 0.000
-0.029
-0.025
 0.042
 0.000
 0.010
-0.066
 0.055
 0.000
 0.037
-0.010
 0.068
 0.059
-0.040
 0.083
 0.032
 0.041
 0.030
-0.053
 0.067
-0.029
 0.229
 0.161
-0.179
 0.082
 0.007
 0.032
 0.003
 0.031
-0.037
 0.087
 0.399
-0.109
-0.145
-0.012
-0.063
-0.003
-0.055
 0.025
 0.045
 0.003
-0.093
 0.008
 0.065
-0.047
-0.045
-0.004
-0.029
-0.008
 0.034
-0.017
-0.060
 0.056
 0.027
 0.056
 0.012
 0.029
 0.036
 0.008
 0.039
 0.098
-0.038
 0.018
 0.036
 0.059
-0.037
-0.014
 0.011
 0.021
 0.108
 0.151
-0.122
 0.022
-0.105
-0.046
-0.044
 0.140
 0.045
-0.080
 0.007
 0.000
 0.044
 0.022
 0.014
 0.111
-0.065
 0.031
-0.030
 0.021
-0.007
 0.099
-0.175
-0.077
-0.038
 0.071
-0.004
 0.050
 0.069
-0.042
-0.036
 0.135
 0.026
 0.043
-0.028
 0.047
 0.049
-0.080
 0.103
-0.094
 0.114
 0.073
 0.142
-0.076
-0.053
-0.194
-0.031
 0.178
