WEYER - JANUARY 1978 THRU DECEMBER 1987
-0.116
-0.135
 0.084
 0.144
-0.031
 0.005
 0.164
 0.039
-0.021
-0.090
-0.033
-0.034
 0.203
-0.038
 0.097
-0.069
-0.013
 0.053
 0.000
 0.165
-0.015
-0.083
-0.065
 0.104
 0.069
 0.033
-0.129
 0.027
 0.089
-0.026
 0.140
-0.041
-0.064
 0.017
 0.015
 0.007
 0.028
 0.025
 0.088
-0.050
-0.031
 0.021
-0.081
-0.061
-0.113
-0.020
 0.179
-0.072
-0.079
 0.014
-0.009
 0.059
-0.086
-0.015
-0.012
 0.221
-0.029
 0.150
 0.141
-0.040
 0.023
 0.065
-0.023
 0.091
-0.067
-0.013
-0.071
-0.011
-0.033
-0.046
 0.151
-0.069
-0.039
-0.093
 0.094
-0.088
-0.087
 0.019
 0.036
 0.055
-0.069
 0.035
 0.032
 0.026
 0.084
-0.016
-0.081
 0.003
 0.031
-0.004
 0.020
-0.013
-0.074
 0.008
 0.171
-0.004
 0.072
 0.123
 0.051
-0.037
 0.010
-0.061
-0.048
 0.122
-0.058
 0.135
 0.006
-0.041
 0.270
 0.094
 0.089
-0.027
-0.107
 0.026
 0.021
 0.081
-0.054
-0.271
-0.066
 0.103
